0 0.0174229 0 6 1 0 0 0 0.00103892 0.00119965 0 0.00242468
1 0.0174229 0 5 2 0 0 0 0.000128899 0.00014884 0 0.000300947
2 0.0174229 0 5 2 0 0 0 0.000122054 0.000140936 0 0.000284962
3 0.0174229 0 5 2 0 0 0 0.000115746 0.000133652 0 0.000270228
4 0.0174229 0 2 5 0 0 0 0.000109917 0.000126922 0 0.000256431
5 0.0174229 0 2 5 0 0 0 0.000104522 0.000120692 0 0.000243845
6 0.0174229 0 2 5 0 0 0 9.95176e-05 0.000114913 0 0.000232171
7 0.0174229 0 2 5 0 0 0 9.48667e-05 0.000109543 0 0.000221322
8 0.0174229 0 2 5 0 0 0 9.05369e-05 0.000104543 0 0.000211221
9 0.0174229 0 2 4 2 0 0 6.45141e-05 9.12367e-05 0 0.000193481
10 0.0176994 0 2 3 4 0 0 7.38985e-05 9.05068e-05 0 0.00018469
11 0.0182526 0 2 3 4 0 0 7.04118e-05 8.62365e-05 0 0.000175977
12 0.0188057 0 2 3 4 0 0 6.71248e-05 8.22108e-05 0 0.000167763
13 0.0193588 0 2 0 10 0 0 8.038e-05 8.038e-05 0 0.00016076
14 0.0207415 0 2 0 10 0 0 7.71265e-05 7.71265e-05 0 0.000154253
15 0.0221243 0 1 1 10 0 0 7.3668e-05 7.3668e-05 0 0
16 0.0235071 0 1 1 10 0 0 7.07274e-05 7.07274e-05 0 0
17 0.0248898 0 1 1 10 0 0 6.78831e-05 6.78831e-05 0 0
18 0.0262726 0 3 1 8 0 0 0.0745842 0.0951871 0 0.232859
19 0.0273788 0 5 1 6 0 0 0.0222161 0.0300205 0 0.0869518
20 0.0282085 0 5 1 6 0 0 0.0100303 0.0164526 0 0.0456459
21 0.0290382 0 4 2 6 0 0 0.00575284 0.00991215 0.000164783 0.0272233
22 0.0298678 0 9 3 0 0 0 0.0539897 0.0698455 2.48189e-05 0.201054
23 0.0298678 0 8 4 0 0 0 0.0205185 0.0261423 2.73447e-06 0.0760719
24 0.0298678 0 8 3 2 0 0 0.0120413 0.0139221 7.46365e-08 0.0400687
25 0.0301444 0 6 5 2 0 0 0.00564669 0.00630215 7.91665e-09 0.0180558
26 0.0304209 0 6 5 2 0 0 0.00352488 0.00385708 1.4259e-09 0.0109458
27 0.0306975 0 6 5 2 0 0 0.00230943 0.00249293 7.95809e-11 0.00699018
28 0.030974 0 5 6 2 0 0 0.00182593 0.00196006 8.1854e-12 0.00545318
29 0.0312506 0 4 7 2 0 0 0.00149485 0.00159863 1.0199e-12 0.00441559
30 0.0315271 0 3 7 4 0 0 0.00139711 0.00135709 1.52757e-13 0.00371923
31 0.0320802 0 3 6 6 0 0 0.00176674 0.00201529 2.6404e-14 0.00320119
32 0.0329099 0 1 7 8 0 0 0.0162276 0.0376652 0.00274184 0.00274184
33 0.0340161 0 2 8 6 0 0 0.0296827 0.0495985 0.0272924 0.138168
34 0.0348458 0 2 6 10 0 0 0.0355611 0.0368015 0.00778227 0.0495913
35 0.0362286 0 2 6 10 0 0 0.0326893 0.0382633 0.00366723 0.0262481
36 0.0376113 0 1 7 10 0 0 0.0325381 0.0404694 0.0166186 0.0166186
37 0.0389941 0 0 7 12 0 0 0.0365564 0.0448107 inf -100
38 0.0406534 0 0 6 14 0 0 0.0251603 0.0395796 inf -100
39 0.0425893 0 2 5 14 0 0 0.00972749 0.00964792 0.0157917 0.0157917
40 0.0445252 0 4 5 12 0 0 0.00958009 0.0118543 0.00176678 0.0350372
41 0.0461845 0 6 3 14 0 0 0.0687404 0.130264 0.000238125 0.421642
42 0.0481204 0 6 2 16 0 0 0.0881517 0.113958 4.02535e-05 0.344615
43 0.0503328 0 8 4 12 0 0 0.105415 0.114147 8.31763e-06 0.329457
44 0.0519921 0 6 6 12 0 0 0.079761 0.0962888 0.00419128 0.299426
45 0.0536514 0 5 6 14 0 0 0.0938491 0.0963419 0.0131003 0.305807
46 0.0555873 0 7 5 14 0 0 0.169121 0.239455 0.00918198 0.906507
47 0.0575232 0 9 5 12 0 0 0.169403 0.202896 0.0104005 0.738291
48 0.0591825 0 11 5 10 0 0 0.147231 0.175618 0.00902902 0.673521
49 0.0605653 0 11 5 10 0 0 0.0782758 0.0838681 0.00684742 0.291928
50 0.0619481 0 14 6 6 0 0 0.0831849 0.139849 0.00739529 0.64002
51 0.0627777 0 13 9 4 0 0 0.0749368 0.108149 0.000740919 0.410853
52 0.0633308 0 9 11 8 0 0 0.127201 0.36887 0.000161859 0.109828
53 0.064437 0 7 11 12 0 0 0.149438 0.272968 3.20517e-05 0.0888705
54 0.0660964 0 7 12 12 0 0 0.13791 0.204314 0.011718 0.247482
55 0.0677557 0 8 13 10 0 0 0.136682 0.192669 0.0184471 0.573924
56 0.0691385 0 8 13 10 0 0 0.0997925 0.150264 0.016174 0.258033
57 0.0705212 0 7 14 10 0 0 0.0837526 0.134092 0.0141326 0.150153
58 0.071904 0 5 16 10 0 0 0.0763713 0.126975 0.0124371 0.102359
59 0.0732868 0 4 16 12 0 0 0.0782006 0.142631 0.010992 0.0394274
60 0.0749461 0 4 13 18 0 0 0.134003 0.211639 0.00972868 0.0292023
61 0.0774351 0 8 9 22 0 0 0.125973 0.158254 0.00858406 0.294083
62 0.0804772 0 12 7 22 0 0 0.118185 0.152321 0.0057824 0.447636
63 0.0835193 0 13 6 24 0 0 0.0686586 0.0729309 0.00349235 0.212597
64 0.0868379 0 11 7 26 0 0 0.0567943 0.0629277 0.000871601 0.207339
65 0.0904331 0 10 8 26 0 0 0.0671156 0.0794961 0.000200979 0.239847
66 0.0940283 0 10 7 28 0 0 0.0699796 0.100225 6.01527e-05 0.37018
67 0.0979001 0 10 5 32 0 0 0.0520188 0.0755503 3.13006e-05 0.245476
68 0.102325 0 11 5 32 0 0 0.113717 0.164923 2.44988e-05 0.681336
69 0.10675 0 17 5 26 0 0 0.183265 0.274779 2.29757e-05 0.957397
70 0.110345 0 24 6 18 0 0 0.252116 0.410541 0.00151766 1.72585
71 0.112834 0 27 7 14 0 0 0.157432 0.244491 0.00152991 1.2309
72 0.11477 0 29 8 12 0 0 0.131806 0.188169 0.00599566 0.926748
73 0.116429 0 26 11 14 0 0 0.0938915 0.137941 0.00334666 0.785761
74 0.118365 0 23 13 16 0 0 0.112045 0.168455 0.00643874 0.800675
75 0.120577 0 25 13 14 0 0 0.133121 0.168113 0.00315168 0.730373
76 0.122513 0 28 14 10 0 0 0.164192 0.247897 0.000692146 0.831555
77 0.123896 0 27 16 10 0 0 0.197375 0.338197 0.000722162 1.61304
78 0.125279 0 26 17 10 0 0 0.147451 0.249316 0.00158311 0.73379
79 0.126662 0 24 18 12 0 0 0.129751 0.232673 0.00212594 0.599841
80 0.128321 0 22 19 14 0 0 0.21785 0.381414 0.00251746 0.923935
81 0.130257 0 22 19 16 0 0 0.180465 0.338213 0.00277759 1.08354
82 0.132469 0 26 14 22 0 0 0.258879 0.390363 0.00591878 1.17354
83 0.135511 0 27 12 26 0 0 0.401736 0.649367 9.27873e-05 3.7743
84 0.139107 0 27 12 26 0 0 0.334714 0.446369 0.00246631 2.39637
85 0.142702 0 23 15 28 0 0 0.373544 0.641597 0.00345755 3.61798
86 0.146574 0 24 13 32 0 0 0.353197 0.439406 0.00610287 2.50011
87 0.150998 0 19 17 34 0 0 0.489619 0.706904 0.029914 3.11039
88 0.1557 0 19 17 36 0 0 0.561928 0.846562 0.0345738 3.67401
89 0.160678 0 19 17 38 0 0 0.774598 1.21427 0.0378945 5.25163
90 0.165932 0 22 16 38 0 0 0.797689 1.07485 0.0404283 3.99621
91 0.171187 0 29 19 28 0 0 0.713107 0.835975 0.0118008 3.05805
92 0.175059 0 32 21 24 0 0 0.645058 0.664173 0.0195291 2.46959
93 0.178377 0 31 22 24 0 0 0.540892 0.555444 0.0119712 2.09521
94 0.181696 0 28 23 30 0 0 0.652177 0.727524 0.0173366 3.0362
95 0.185844 0 29 27 26 0 0 0.532154 0.605396 0.0179015 1.99676
96 0.189439 0 29 24 34 0 0 0.527315 0.558985 0.00897062 1.82068
97 0.194141 0 32 23 34 0 0 0.460335 0.430202 0.0416947 1.51472
98 0.198842 0 34 23 34 0 0 0.433702 0.391663 0.0209946 1.52008
99 0.203544 0 34 26 32 0 0 0.409573 0.422841 0.00887403 1.95004
100 0.207968 0 30 27 38 0 0 0.395733 0.437368 0.00688841 1.79937
101 0.213223 0 30 26 42 0 0 0.336941 0.366066 0.00994315 1.69334
102 0.219031 0 29 26 44 0 0 0.374798 0.401034 0.0277476 1.69562
103 0.225115 0 37 21 46 0 0 0.489938 0.548715 0.0537796 1.91952
104 0.231476 0 36 19 54 0 0 0.624787 0.623327 0.0106952 1.95621
105 0.238943 0 41 22 48 0 0 0.955398 1.07245 0.0133317 5.44824
106 0.24558 0 43 23 46 0 0 0.900959 1.09172 0.014688 4.26869
107 0.251941 0 42 26 46 0 0 0.847637 1.1431 0.022912 4.04134
108 0.258301 0 41 25 52 0 0 1.01447 1.38212 0.0272474 5.39023
109 0.265492 0 43 25 54 0 0 1.10157 1.5968 0.0159069 6.24085
110 0.272959 0 45 27 52 0 0 0.972174 1.31055 0.00552686 5.62968
111 0.280149 0 46 27 52 0 0 1.02443 1.36831 0.00834602 5.34705
112 0.287339 0 53 30 42 0 0 1.04543 1.38925 0.0128814 6.45629
113 0.293147 0 61 29 38 0 0 1.19928 1.86629 0.0122801 8.42309
114 0.298402 0 63 26 44 0 0 1.08743 1.76425 0.0085804 9.86469
115 0.304486 0 60 29 46 0 0 0.943665 1.59793 0.00600401 9.44142
116 0.310847 0 62 26 52 0 0 0.999887 1.44682 0.00514576 7.15853
117 0.318037 0 65 28 50 0 0 0.939952 1.34123 0.0505688 6.10804
118 0.324951 0 68 29 50 0 0 1.38344 2.16464 0.0230975 10.5217
119 0.331865 0 68 29 54 0 0 1.40808 2.17419 0.00804976 11.3319
120 0.339332 0 65 33 54 0 0 1.40266 2.15804 0.0121691 10.5366
121 0.346799 0 61 34 60 0 0 1.33619 1.97642 0.0231998 9.22998
122 0.355095 0 64 35 58 0 0 1.37816 1.86629 0.0208746 8.65263
123 0.363115 0 71 36 52 0 0 1.48171 1.95045 0.0188402 9.15766
124 0.370306 0 72 34 58 0 0 1.46936 1.78166 0.0201787 8.2426
125 0.378326 0 81 33 52 0 0 1.22633 1.52053 0.0111283 7.24094
126 0.385516 0 81 34 56 0 0 1.16208 1.3268 0.00876823 6.27308
127 0.39326 0 83 35 58 0 0 1.24985 1.2784 0.0352602 5.49335
128 0.40128 0 88 34 58 0 0 1.10438 1.05858 0.0105579 4.82321
129 0.4093 0 87 32 66 0 0 1.30345 1.36234 0.00675456 6.43805
130 0.415937 0.00248898 88 32 68 1 0 1.4309 1.46974 0.0116479 6.95766
131 0.42534 0.00248898 88 33 70 1 0 1.40175 1.52323 0.0122951 6.40092
132 0.435019 0.00248898 86 36 72 1 0 1.48536 1.58682 0.0114136 6.66932
133 0.444975 0.00248898 89 40 68 1 0 1.38262 1.48548 0.0155928 6.92494
134 0.454378 0.00248898 91 41 66 1 0 1.16231 1.24799 0.0244097 5.64795
135 0.463504 0.00248898 99 37 68 1 0 1.25394 1.42946 0.0182695 6.55564
136 0.472907 0.00248898 104 36 70 1 0 1.49542 1.77994 0.020869 10.9319
137 0.482586 0.00248898 105 40 68 1 0 1.4672 1.62814 0.0288204 7.14876
138 0.491989 0.00248898 114 38 64 1 0 1.38109 1.63346 0.0125374 8.64454
139 0.500839 0.00248898 115 41 64 1 0 1.42044 1.62222 0.0437089 8.78049
140 0.509689 0 117 41 66 0 0 1.50843 1.66744 0.0356199 8.40091
141 0.518815 0 121 37 72 0 0 1.59754 1.60768 0.0249933 7.98995
142 0.528771 0 118 39 80 0 0 1.65226 1.7044 0.0128364 7.89691
143 0.539833 0 113 44 82 0 0 1.74977 1.7904 0.0207713 7.9498
144 0.551172 0 120 47 74 0 0 1.79714 1.68412 0.0200034 6.82821
145 0.561404 0 126 48 72 0 0 1.91947 1.8193 0.0170839 8.01951
146 0.568871 0.00248898 127 45 80 1 0 2.07359 1.8246 0.0126768 9.4737
147 0.579933 0.00248898 128 49 76 1 0 1.91145 1.71432 0.0490775 9.13327
148 0.587953 0.00497797 131 46 82 2 0 1.97054 1.78901 0.0596446 8.4753
149 0.599292 0.00497797 135 46 82 2 0 2.05104 1.98301 0.0588888 9.67585
150 0.610631 0.00497797 145 46 74 2 0 2.51517 2.47857 0.0571807 13.4486
151 0.620863 0.00497797 159 37 78 2 0 2.77639 2.4477 0.0275056 12.9998
152 0.62916 0.00746695 154 38 88 3 0 2.76867 2.38419 0.0118058 11.8558
153 0.641328 0.00746695 153 38 94 3 0 2.88483 2.53924 0.00856394 13.3881
154 0.654326 0.00746695 160 35 96 3 0 3.36449 2.97149 0.0342335 14.9696
155 0.667601 0.00746695 170 33 90 3 1 0.647168 0.642614 0.0158503 3.91232
156 0.680046 0.00497797 166 34 98 2 1 1.34998 1.09076 0.033621 5.33077
157 0.693597 0.00497797 173 37 92 2 1 2.05567 1.53853 0.00964677 7.08601
158 0.706319 0.00248898 176 38 92 1 1 2.68398 1.97662 0.00648893 7.77574
159 0.71904 0.00248898 173 43 92 1 1 3.41867 2.38952 0.0180212 9.7246
160 0.731761 0.00248898 182 45 74 1 3 1.146 0.780252 0.0232963 3.79096
161 0.741994 0.00248898 187 47 74 1 3 2.23285 1.47829 0.0779724 8.427
162 0.752226 0 193 46 74 0 3 3.25876 2.112 0.0552662 10.6153
163 0.762459 0 202 46 68 0 3 4.0287 2.49055 0.0434487 11.8952
164 0.771862 0 208 46 64 0 3 4.48106 2.67085 0.0834582 14.7511
165 0.780712 0 216 42 66 0 3 5.00202 2.88453 0.0610799 14.9157
166 0.789838 0 220 39 72 0 3 5.40853 3.16566 0.371817 15.8923
167 0.799794 0 219 33 74 0 6 3.11111 1.79103 0.103586 7.73833
168 0.810026 0 218 31 84 0 6 4.65033 2.51565 0.020309 14.0724
169 0.821641 0 208 30 90 0 8 3.51839 2.0472 0.067788 9.24992
170 0.834086 0 203 26 94 0 11 3.34966 1.91013 0.0522922 7.85054
171 0.847084 0 209 25 90 0 12 3.54762 1.91319 0.0452334 8.83357
172 0.859529 0 210 27 90 0 12 5.31341 2.74596 0.133171 15.8153
173 0.871974 0 207 26 90 0 14 4.53214 2.45092 0.162614 12.0527
174 0.884419 0 217 27 80 0 14 6.11778 3.0518 0.360841 16.3047
175 0.895481 0 210 26 72 0 21 6.66068 3.02698 0.0693439 17.3597
176 0.905437 0 195 21 64 0 28 7.1112 2.88762 1.17397 16.9601
177 0.914287 0 170 16 56 0 38 7.63593 3.34741 0.115057 21.1559
178 0.922031 0 169 16 50 0 41 7.9369 3.60961 0.676147 19.5193
179 0.928944 0 176 12 42 0 44 9.37007 4.10891 0.185074 19.8048
180 0.934752 0 158 10 40 0 50 10.1531 4.43756 0.320868 22.2681
181 0.940283 0 138 7 40 0 59 9.86498 4.25143 0.534976 20.3366
182 0.945814 0 123 6 38 0 66 8.63248 3.63506 0.295557 17.408
183 0.951069 0 121 4 38 0 68 9.49538 4.49237 0.0744146 19.6311
184 0.956323 0 112 3 34 0 74 10.8547 4.82353 0.731529 23.4424
185 0.961025 0 98 2 34 0 80 11.3013 5.24898 1.45406 28.6723
186 0.965726 0 93 2 30 0 85 11.5187 4.72317 3.33034 22.8043
187 0.969874 0 72 2 30 0 96 13.6911 6.03045 0.803996 29.5204
188 0.974023 0 69 2 20 0 104 12.8247 6.15707 2.00011 31.6703
189 0.976788 0 62 2 16 0 109 12.3962 5.57949 0.313891 29.8196
190 0.979001 0 63 1 12 0 113 12.9536 6.01798 1.8564 31.1969
191 0.98066 0 61 2 10 0 116 13.5685 6.38869 0.0586364 29.6685
192 0.982043 0 59 3 8 0 119 13.5826 6.72843 0.206194 27.9079
193 0.983149 0 58 3 6 0 121 13.0238 6.17569 2.17584 28.8768
194 0.983979 0 52 3 4 0 124 13.4254 6.67569 2.4456 31.0801
195 0.984532 0 52 2 4 0 126 13.2693 6.67992 1.92959 29.3707
196 0.985085 0 50 3 4 0 127 11.6148 6.34831 1.57402 22.4087
197 0.985638 0 44 3 4 0 130 10.9454 5.69433 0.788683 22.2791
198 0.981213 0 42 4 4 0 130 10.8394 5.29847 1.89227 21.7119
199 0.981766 0 43 4 2 0 131 10.8291 5.25458 0.63138 20.172
200 0.982043 0 35 4 4 0 135 10.7985 5.28752 0.592206 20.6404
201 0.982596 0 31 2 6 0 138 13.1586 5.09736 2.82955 23.6831
202 0.983425 0 26 2 6 0 141 13.4577 5.31086 1.66796 23.8867
203 0.966832 0 23 2 6 0 141 11.5296 5.07261 2.56102 19.4386
204 0.967662 0 25 2 4 0 141 11.115 5.22222 2.31881 20.0771
205 0.968215 0 24 3 4 0 141 11.0291 5.32919 2.60802 21.2026
206 0.968768 0 22 3 4 0 142 10.1404 5.27528 1.30999 20.4346
207 0.969321 0 21 2 6 0 143 12.033 6.16603 2.45495 27.0828
208 0.970151 0 18 2 6 0 145 12.4263 6.07972 0.0254663 25.9496
209 0.970981 0 19 1 6 0 146 10.7589 4.84346 4.29897 22.3766
210 0.94692 0 21 1 4 0 143 10.6042 4.66813 3.806 22.5202
211 0.947473 0 20 1 4 0 144 9.29954 4.19928 1.6899 18.8569
212 0.928115 0 19 1 4 0 143 6.31909 3.14754 1.08863 12.6191
213 0.893822 0 18 1 4 0 141 4.12865 2.46522 0.0356035 8.45656
214 0.889397 0 18 0 6 0 140 4.16366 2.69913 0.0341716 11.3241
215 0.890227 0 18 0 6 0 140 4.27889 2.92334 0.085144 12.3968
216 0.876123 0 18 1 4 0 139 3.67443 2.10899 0.263117 9.23314
217 0.876676 0 18 1 4 0 139 3.68069 2.03095 0.185114 8.76766
218 0.829938 0 20 1 2 0 132 3.00332 1.81441 0.445278 8.08378
219 0.758034 0 20 1 2 0 125 2.16625 1.8884 0.10139 7.63949
220 0.656262 0 19 2 2 0 115 1.1383 1.2355 0.000602535 5.6068
221 0.639116 0 17 4 2 0 112 0.864041 0.969613 0.000133115 4.08436
222 0.614503 0 16 5 2 0 109 0.529311 0.648922 2.92723e-05 1.42751
223 0.555044 0 17 6 0 0 103 0.430982 0.510652 6.63248e-06 1.49046
224 0.49033 0 15 8 0 0 94 0.218354 0.222839 1.3228e-06 0.57317
225 0.443039 0 15 7 2 0 87 0.151234 0.1447 0.000580962 0.332393
226 0.430871 0 13 9 2 0 85 0.115567 0.108013 0.00467631 0.213121
227 0.393813 0 13 9 2 0 79 0.0912071 0.0862263 0.000677386 0.146828
228 0.354265 0 12 10 2 0 73 0.0620704 0.0688281 0.00239119 0.105304
229 0.329652 0 11 10 4 0 68 0.0285108 0.0303503 0.00296146 0.117221
230 0.277937 0 11 8 8 0 57 0.0460251 0.0701335 0.00317582 0.144304
231 0.246686 0 11 7 10 0 49 0.0849689 0.160831 0.00330557 0.685735
232 0.22069 0 11 6 12 0 44 0.0665865 0.105246 0.0031551 0.432194
233 0.209904 0 10 5 16 0 40 0.0711662 0.104777 0.00176 0.387636
234 0.20465 0 11 6 14 0 37 0.05744 0.0746984 0.00153221 0.284
235 0.199119 0 9 6 18 0 34 0.0807383 0.137266 0.00134031 0.268355
236 0.194141 0 9 6 18 0 32 0.0700855 0.102213 0.00118669 0.22409
237 0.176718 0 8 6 20 0 29 0.0641993 0.0970318 0 0.23615
238 0.174505 0 10 5 20 0 27 0.0561395 0.0865244 0 0.195259
239 0.174782 0 12 7 16 0 26 0.0617778 0.0937654 0 0.280699
240 0.162061 0 14 7 14 0 23 0.0634435 0.0856502 0 0.225887
241 0.161507 0 15 8 12 0 22 0.0483471 0.068411 0 0.194266
242 0.160678 0 19 7 10 0 21 0.0498234 0.0756568 0 0.30875
243 0.144638 0 17 8 12 0 17 0.0393317 0.0767911 3.55507e-06 0.315869
244 0.133852 0 18 9 12 0 14 0.072404 0.0999352 7.26567e-07 0.405957
245 0.123066 0 11 16 12 0 11 0.0381416 0.0485038 0.00214812 0.173591
246 0.117259 0 12 16 12 0 9 0.0487165 0.0581949 0.00242748 0.15179
247 0.118918 0 12 18 10 0 9 0.052555 0.0695096 0.00058176 0.356207
248 0.120301 0 11 17 14 0 9 0.0368599 0.0415775 0.00228334 0.157635
249 0.117259 0 11 17 14 0 8 0.0319003 0.0375235 0.00231238 0.163845
250 0.116706 0 10 17 16 0 7 0.0297715 0.0336187 0.00235781 0.144928
251 0.111451 0 11 18 14 0 5 0.0767798 0.137538 0.00240138 0.610198
252 0.110898 0 11 18 16 0 4 0.092172 0.139126 0.00245127 0.499662
253 0.113111 0 15 15 18 0 4 0.13821 0.21233 0.00170485 0.764266
254 0.113111 0 15 8 32 0 3 0.130585 0.205801 0.00200651 0.618599
255 0.115046 0 17 7 32 0 2 0.174316 0.20111 0.00943744 0.496145
256 0.116982 0 17 5 36 0 1 0.139634 0.200681 0.00141464 0.617605
257 0.12196 0 20 5 34 0 1 0.136399 0.163611 0.00701564 0.461981
258 0.126662 0 16 9 34 0 1 0.107366 0.128259 0.0101455 0.31516
259 0.128874 0 17 9 34 0 0 0.112489 0.155354 0.0109592 0.414039
260 0.133576 0 17 8 36 0 0 0.135537 0.183686 0.00200173 0.459167
261 0.138553 0 20 7 36 0 0 0.120941 0.190432 0.000342429 0.8976
262 0.143531 0 23 10 30 0 0 0.0969974 0.152273 6.36686e-05 0.466934
263 0.14768 0 33 14 16 0 0 0.118687 0.173408 1.16908e-05 0.782554
264 0.149892 0 32 17 14 0 0 0.0970687 0.139219 2.30895e-06 0.54095
265 0.151828 0 34 19 10 0 0 0.0720625 0.0884923 4.02625e-07 0.342477
266 0.153211 0 34 20 10 0 0 0.0698629 0.0838213 6.05046e-08 0.401412
267 0.154594 0 28 22 18 0 0 0.119691 0.126421 2.94738e-07 0.364257
268 0.157083 0 27 24 18 0 0 0.162881 0.303861 6.04809e-08 0.511299
269 0.159572 0 24 29 16 0 0 0.133703 0.220253 1.35342e-08 0.444796
270 0.161784 0 26 30 14 0 0 0.174367 0.232505 2.60949e-09 0.862629
271 0.16372 0 23 30 20 0 0 0.196191 0.29763 0.00203633 0.624339
272 0.166485 0 19 30 28 0 0 0.208017 0.293678 0.00584214 0.377495
273 0.170357 0 17 29 34 0 0 0.161134 0.221376 0.00471075 0.297294
274 0.175059 0 17 27 38 0 0 0.12749 0.212264 0.0037967 0.934011
275 0.180313 0 17 27 40 0 0 0.160439 0.23966 0.00312189 1.22125
276 0.185844 0 25 21 44 0 0 0.296385 0.38652 0.000408245 1.68973
277 0.191928 0 26 19 48 0 0 0.221292 0.265825 0.00223089 1.36452
278 0.198566 0 24 16 58 0 0 0.283987 0.280775 0.0186547 1.06475
279 0.206586 0 21 19 60 0 0 0.335859 0.344582 0.0213141 1.21553
280 0.214882 0 27 16 60 0 0 0.276505 0.310452 0.01155 1.25363
281 0.223179 0 29 18 60 0 0 0.292547 0.29017 0.00375444 1.17529
282 0.231476 0 33 18 58 0 0 0.378723 0.41668 0.000961906 1.76094
283 0.239496 0 31 24 54 0 0 0.377195 0.431781 0.00025338 2.09543
284 0.246963 0 34 23 54 0 0 0.311689 0.329414 6.25729e-05 1.60476
285 0.25443 0 45 24 42 0 0 0.303789 0.363751 1.72674e-05 2.22427
286 0.260237 0 50 24 38 0 0 0.255056 0.298625 4.38471e-06 1.43934
287 0.265492 0 55 27 32 0 0 0.28482 0.302408 2.22191e-06 1.14492
288 0.269917 0 48 33 38 0 0 0.356004 0.368912 5.82844e-07 1.3577
289 0.275171 0 48 39 32 0 0 0.315517 0.334054 0.000167816 1.51398
290 0.279596 0 53 36 36 0 0 0.327971 0.412129 1.72017e-05 1.70738
291 0.284574 0 51 40 36 0 0 0.279606 0.349948 0.00099579 2.02437
292 0.289552 0 46 39 48 0 0 0.384135 0.494044 0.000535073 1.81844
293 0.296189 0 49 39 46 0 0 0.352754 0.461703 0.0012975 1.54263
294 0.30255 0 45 42 48 0 0 0.367739 0.476001 0.00406068 1.67758
295 0.309187 0 47 41 48 0 0 0.498671 0.67734 0.00485582 2.35118
296 0.315824 0 50 37 54 0 0 0.634146 0.875183 0.00968847 4.73513
297 0.323291 0 58 28 66 0 0 0.798805 0.886833 0.0154801 3.01941
298 0.332418 0 54 26 78 0 0 0.989883 1.04889 0.00217697 3.48186
299 0.343203 0 60 29 72 0 0 1.13273 1.21438 0.000278005 4.98922
300 0.353159 0 62 25 80 0 0 1.2574 1.28262 0.0146412 6.30861
301 0.364221 0 73 21 78 0 0 1.15473 1.2592 0.0155304 5.20517
302 0.372518 0.00248898 72 22 78 1 0 1.02081 1.14084 0.0141474 4.39403
303 0.383304 0.00248898 67 25 84 1 0 1.08602 1.11146 0.0165497 4.36065
304 0.394919 0.00248898 67 27 82 1 0 1.11168 1.14058 0.0174511 4.69286
305 0.406258 0.00248898 74 29 74 1 0 1.1674 1.25511 0.00755897 5.38255
306 0.41649 0.00248898 91 32 56 1 0 1.22273 1.37395 0.00785519 6.48178
307 0.424234 0.00248898 102 29 52 1 0 1.14275 1.37542 0.00880661 6.85297
308 0.431424 0.00248898 103 28 58 1 0 1.09608 1.18665 0.0108261 5.12242
309 0.439444 0.00248898 105 36 50 1 0 1.1231 1.12456 0.0119386 4.83666
310 0.446358 0.00248898 108 42 42 1 0 1.09084 1.09497 0.0131054 5.12046
311 0.452166 0.00248898 106 44 44 1 0 1.09669 1.28877 0.0147824 6.95448
312 0.45825 0 107 44 50 0 0 1.17818 1.19381 0.0176901 6.08192
313 0.465164 0 98 51 54 0 0 1.26388 1.27874 0.0187223 5.87579
314 0.472631 0 97 51 58 0 0 1.36072 1.20295 0.0160477 5.6756
315 0.480651 0 94 53 64 0 0 1.3554 1.1862 0.0145781 5.80528
316 0.4895 0 97 57 58 0 0 1.35774 1.17625 0.015948 5.6611
317 0.49752 0 103 58 56 0 0 1.38183 1.22891 0.0185657 5.37036
318 0.505264 0 100 55 72 0 0 1.51789 1.49957 0.0200487 6.24118
319 0.51522 0 98 52 84 0 0 1.74543 1.79488 0.0167565 7.90954
320 0.526835 0 98 52 88 0 0 2.01973 2.07688 0.0163634 10.1999
321 0.539003 0 108 49 88 0 0 2.37005 2.28998 0.0259961 9.45857
322 0.551172 0 109 43 102 0 0 2.89687 2.64972 0.104368 13.563
323 0.565276 0 108 47 102 0 0 2.92791 2.54188 0.0372863 11.8521
324 0.57938 0 112 46 106 0 0 3.31358 3.01214 0.0359845 14.1923
325 0.594038 0 105 41 114 0 2 0.231086 0.27402 0.0047442 1.63787
326 0.609801 0 111 39 116 0 2 0.971456 0.88969 0.00990201 4.84834
327 0.625841 0 124 39 110 0 2 1.91884 1.72109 0.00855211 8.90577
328 0.641052 0 136 38 102 0 2 2.567 2.24695 0.0118373 10.4986
329 0.655156 0 138 36 102 0 3 0.386409 0.367453 0.00641905 2.33378
330 0.66926 0 136 48 96 0 3 1.24137 1.18126 0.00723106 5.72757
331 0.682535 0 148 51 84 0 3 1.88945 1.51154 0.00487262 8.79544
332 0.69415 0 150 48 92 0 3 2.32557 1.86046 0.0500042 10.0722
333 0.706872 0 161 45 90 0 3 3.01837 2.28977 0.0755237 10.3104
334 0.719317 0 169 46 82 0 3 3.50941 2.66654 0.0967895 13.2444
335 0.730655 0 177 46 78 0 3 4.02705 2.97038 0.0994613 13.2469
336 0.741441 0 188 43 76 0 3 4.27287 2.9618 0.176516 12.8852
337 0.75195 0 186 45 74 0 4 0.861085 0.68784 0.0437371 3.22372
338 0.762182 0 177 59 72 0 4 1.48012 0.965505 0.0526134 4.25466
339 0.772138 0 175 53 96 0 4 2.87136 1.96624 0.0584697 9.94726
340 0.785413 0 175 51 102 0 5 0.940982 0.61062 0.0279358 2.9386
341 0.797028 0.00248898 178 57 96 1 5 1.87985 1.23728 0.126892 6.05653
342 0.810303 0.00248898 180 64 90 1 5 3.20932 1.97445 0.0616777 9.5418
343 0.822748 0.00248898 173 65 92 1 6 1.91238 1.06388 0.0991102 5.85624
344 0.835469 0.00248898 176 66 92 1 6 3.13079 1.75405 0.0699222 8.84339
345 0.848191 0.00248898 185 66 86 1 6 4.86353 2.7452 0.0586423 16.5134
346 0.860082 0.00248898 185 62 90 1 8 3.95124 1.86225 0.0376822 9.66195
347 0.872527 0.00248898 172 51 118 1 12 4.37083 1.98252 0.0876503 10.1537
348 0.888844 0.00248898 180 41 106 1 19 6.52679 2.49141 0.256438 12.5786
349 0.903501 0.00248898 180 38 100 1 24 8.15529 3.3438 0.967967 16.0261
350 0.917329 0.00248898 148 26 112 1 37 9.37176 3.9893 0.927475 21.8191
351 0.932816 0 128 15 122 0 47 10.8346 4.44687 1.75044 24.8635
352 0.949686 0 112 11 120 0 54 12.2015 4.84496 1.82761 25.8352
353 0.966279 0 87 7 116 0 68 13.3549 5.45053 3.81779 32.1933
354 0.982319 0 86 4 116 0 71 15.2152 6.40359 2.69625 34.3431
355 0.998359 0 88 4 108 0 74 18.2577 6.44559 2.90591 31.7546
356 1 0 87 0 80 0 90 20.1199 7.2438 4.70821 34.9378
357 1 0 88 0 60 0 97 21.8519 8.13949 4.94052 41.3526
358 1 0 67 0 54 0 112 25.208 9.18056 6.44831 49.076
359 1 0 71 0 34 0 120 27.3986 9.86761 9.1959 49.7001
360 1 0 76 0 18 0 125 26.8945 9.84324 4.40954 49.1667
361 1 0 70 0 16 0 130 25.7428 10.2979 2.85534 52.7735
362 1 0 64 0 12 0 136 26.5522 10.0028 7.97166 52.5319
363 1 0 64 0 6 0 140 28.7031 9.8364 9.75668 51.4762
364 1 0 56 0 6 0 143 24.6448 9.59722 6.85624 45.5331
365 1 0 59 0 0 0 146 25.9279 9.7186 8.89332 43.4221
366 1 0 46 0 0 0 153 24.4683 10.942 1.95007 44.1722
367 1 0 40 0 0 0 157 23.5466 8.51274 3.18072 42.0686
368 1 0 35 0 0 0 158 20.6938 9.49696 5.09017 40.66
369 1 0 30 0 0 0 162 21.3206 8.17948 3.23837 39.0882
370 1 0 25 0 0 0 165 21.021 8.38107 2.10723 35.6397
371 1 0 24 0 0 0 166 18.6432 7.4925 3.11109 30.5775
372 1 0 20 0 0 0 168 19.331 6.3915 4.73598 29.082
373 1 0 18 0 0 0 170 20.5708 8.67559 5.88781 40.3665
374 1 0 15 0 0 0 172 19.8985 8.39042 6.88715 37.0151
375 1 0 12 0 0 0 175 17.5614 7.2176 7.46881 28.5059
376 1 0 12 0 0 0 175 17.5495 7.22358 7.46415 28.4952
377 1 0 12 0 0 0 175 17.5382 7.2414 7.45437 28.481
378 1 0 11 0 0 0 176 20.0926 6.03466 5.69317 27.2253
379 1 0 11 0 0 0 176 20.1193 6.07388 5.56628 27.122
380 1 0 9 0 0 0 177 18.9551 5.3175 9.50603 24.9643
381 1 0 8 0 0 0 178 19.4701 6.09228 9.03593 25.3811
382 1 0 7 0 0 0 179 25.5133 7.73063 11.7865 37.9543
383 1 0 6 0 0 0 179 24.0567 6.99252 11.0007 34.5386
384 1 0 5 0 0 0 180 24.0227 7.22501 11.6292 33.6036
385 1 0 5 0 0 0 180 24.0319 7.16509 11.6912 33.5527
386 0.990616 0 5 0 0 0 179 23.6434 7.01125 11.608 32.8729
387 0.990616 0 4 0 0 0 180 16.7395 4.96283 8.91746 22.6456
388 0.990616 0 4 0 0 0 180 16.6493 4.93948 8.92491 22.5809
389 0.98066 0 4 0 0 0 178 16.0964 5.2926 7.85763 22.3819
390 0.948303 0 4 0 0 0 174 15.7547 5.48215 7.39188 22.0955
391 0.888567 0 4 0 0 0 167 14.6715 6.62469 6.04149 21.4761
392 0.8587 0 3 0 0 0 163 2.2814 2.59207 0.113555 5.92531
393 0.754162 0 2 1 0 0 150 1.70963 2.19243 0.298737 4.80613
394 0.681982 0 2 1 0 0 140 1.19306 1.31346 0.469168 3.03647
395 0.624735 0 2 1 0 0 133 0.757667 0.798163 0.305898 1.87939
396 0.537621 0 2 1 0 0 119 0.590733 0.635132 0.216524 1.48499
397 0.520198 0 2 1 0 0 116 0.463173 0.518165 0.140639 1.19428
398 0.505264 0 2 1 0 0 113 0.37139 0.416991 0.110647 0.959835
399 0.41566 0 2 1 0 0 97 0.119847 0.115047 0.0586331 0.281004
400 0.36837 0 2 1 0 0 90 0.0414531 0.0238212 0.0295093 0.0747048
401 0.301167 0 2 1 0 0 75 0.0207577 0.0121321 0.00608174 0.0357927
402 0.261343 0 2 0 2 0 67 0.0103691 0.0103691 0 0.0207383
403 0.234241 0 2 0 2 0 62 0.00609519 0.00609519 0 0.0121904
404 0.214606 0 2 0 2 0 57 0.00407777 0.00407777 0 0.00815554
405 0.189992 0 2 0 2 0 51 0.00252443 0.00252443 0 0.00504885
406 0.175335 0 2 0 2 0 47 0.00185975 0.00185975 0 0.00371949
407 0.1557 0 2 0 2 0 44 0.0013288 0.0013288 0 0.0026576
408 0.148509 0 1 1 2 0 41 0.00103563 0.00103563 0 0
409 0.116429 0 1 1 2 0 34 0.000846142 0.000846142 0 0
410 0.101772 0 1 1 2 0 30 0.000693412 0.000693412 0 0
411 0.0896034 0 3 1 0 0 27 0.0180848 0.0174975 0 0.0355774
412 0.0771585 0 3 1 0 0 23 0.00750638 0.00698138 0 0.0144775
413 0.0647136 0 3 1 0 0 20 0.00144323 0.00103256 0 0.00242221
414 0.0622246 0 3 1 0 0 19 0.000734184 0.000432005 0 0.00104699
415 0.0522687 0 3 1 0 0 16 0.000443953 0.000278195 0 0.000503642
416 0.0472907 0 2 2 0 0 14 0.000292238 0.000255897 0.000232561 0.000232561
417 0.0398238 0 2 1 2 0 12 4.25895e-05 3.01153e-05 6.38843e-05 6.38843e-05
418 0.0326334 0 2 1 2 0 9 3.4142e-06 2.4142e-06 5.1213e-06 5.1213e-06
419 0.0329099 0 2 1 2 0 9 1.73076e-08 1.22383e-08 2.59614e-08 2.59614e-08
420 0.0331865 0 2 1 2 0 9 2.0125e-09 1.42305e-09 3.01874e-09 3.01874e-09
421 0.030974 0 2 1 2 0 8 2.43638e-10 1.72278e-10 3.65457e-10 3.65457e-10
422 0.0312506 0 2 1 2 0 8 3.22018e-11 2.27701e-11 4.83028e-11 4.83028e-11
423 0.0265492 0 2 1 2 0 6 3.90902e-12 2.76409e-12 5.86353e-12 5.86353e-12
424 0.0243367 0 2 1 2 0 5 5.33387e-13 3.77162e-13 8.0008e-13 8.0008e-13
425 0.0221243 0 1 1 4 0 4 1.61416e-13 0 1.61416e-13 1.61416e-13
426 0.0201884 0 3 1 2 0 3 0.0390054 0.0536291 6.53471e-14 0.130062
427 0.017976 0 3 1 2 0 2 0.0167447 0.0235469 1.51566e-14 0.0569019
428 0.0182526 0 3 1 2 0 2 0.00579716 0.00836832 3.05103e-15 0.0201292
429 0.0185291 0 3 1 2 0 2 0.00328615 0.00479934 3.05103e-15 0.011519
430 0.0163167 0 3 1 2 0 1 0.00197696 0.00290334 3.05103e-15 0.00696092
431 0.0165932 0 3 1 2 0 1 0.00136684 0.00201645 3.05103e-15 0.00483027
432 0.0168698 0 2 2 2 0 1 0.000966147 0.00142969 3.05103e-15 0.000441937
433 0.0171463 0 2 2 2 0 1 0.00070204 0.0010415 3.05103e-15 0.000316092
434 0.0174229 0 4 1 2 0 1 0.0198166 0.0192494 0.000247741 0.0536549
435 0.0152105 0 4 1 2 0 0 0.0126725 0.0231783 0.000213896 0.0590188
436 0.015487 0 3 2 2 0 0 0.00506988 0.00926387 6.16118e-05 0.000183089
437 0.0157636 0 2 3 2 0 0 0.00807828 0.0154563 1.01158e-05 0.000152831
438 0.0160401 0 2 3 2 0 0 0.00256384 0.00455644 4.40138e-07 0.000128227
439 0.0163167 0 2 3 2 0 0 0.0113363 0.0221635 8.73894e-08 0.000111191
440 0.0165932 0 2 3 2 0 0 0.00751842 0.0145784 3.59917e-09 0.000100087
441 0.0168698 0 2 2 4 0 0 0.031926 0.0394984 2.83801e-10 0.0967414
442 0.0174229 0 2 2 4 0 0 0.023855 0.0265102 5.47301e-11 0.0640641
443 0.017976 0 3 3 2 0 0 0.0282485 0.0228729 9.07504e-12 0.0575395
444 0.0182526 0 2 4 2 0 0 0.0117945 0.0171773 0.00536188 0.010723
445 0.0185291 0 1 4 4 0 0 0.0096282 0.0183981 0.000783435 0.000783435
446 0.0190822 0 1 3 6 0 0 0.0145519 0.0172472 2.32625e-05 2.32625e-05
447 0.0199119 0 1 3 6 0 0 0.0146911 0.0171215 0.000167969 0.000167969
448 0.0207415 0 1 3 6 0 0 0.0162994 0.0180306 0.000292229 0.000292229
449 0.0215712 0 1 3 6 0 0 0.0147949 0.0158902 0.000418582 0.000418582
450 0.0224009 0 3 3 4 0 0 0.0919699 0.120338 0.00055649 0.334633
451 0.022954 0 1 5 4 0 0 0.0443571 0.0560268 0.159104 0.159104
452 0.0235071 0 0 5 6 0 0 0.0253792 0.0276667 inf -100
453 0.0243367 0 0 4 8 0 0 0.018602 0.0144208 inf -100
454 0.025443 0 2 3 8 0 0 0.0381874 0.0215029 0.0341472 0.0764773
455 0.0265492 0 4 3 6 0 0 0.0193771 0.0142746 0.00493539 0.0467571
456 0.0273788 0 3 4 6 0 0 0.0331976 0.0267692 0.0110801 0.0797476
457 0.0282085 0 3 4 6 0 0 0.0310036 0.0283595 0.0114096 0.043203
458 0.0290382 0 2 5 6 0 0 0.0410291 0.0462618 0.0241072 0.0496125
459 0.0298678 0 2 5 6 0 0 0.0523141 0.0591401 0.0299513 0.0635516
460 0.0306975 0 2 3 10 0 0 0.159895 0.238483 0.0334467 0.101707
461 0.0320802 0 4 2 10 0 0 0.162476 0.262079 0.0339448 0.74536
462 0.033463 0 6 2 8 0 0 0.0936405 0.158541 0.0132603 0.510075
463 0.0345692 0 7 3 6 0 0 0.0684842 0.112534 0.000587286 0.388846
464 0.0353989 0 6 4 6 0 0 0.0513139 0.0931946 0.00253602 0.323383
465 0.0362286 0 6 3 8 0 0 0.0550598 0.0919864 0.00292812 0.306419
466 0.0373348 0 6 3 8 0 0 0.0559379 0.0854774 0.00306149 0.286649
467 0.038441 0 6 2 10 0 0 0.114389 0.132424 0.0375957 0.459854
468 0.0398238 0 5 3 10 0 0 0.135023 0.152255 0.0441772 0.518252
469 0.0412065 0 9 3 6 0 0 0.114914 0.128142 0.0255797 0.503261
470 0.0420362 0 10 4 4 0 0 0.121337 0.120638 0.0318172 0.462287
471 0.0425893 0 10 4 4 0 0 0.0966003 0.0739049 0.014666 0.300327
472 0.0431424 0 10 3 6 0 0 0.0671254 0.0539441 0.00816765 0.199767
473 0.0439721 0 10 2 8 0 0 0.0846139 0.110528 0.000461007 0.192985
474 0.0450783 0 12 2 6 0 0 0.0735694 0.0735312 0.00514526 0.143001
475 0.0459079 0 9 5 6 0 0 0.0525508 0.0641873 0.00776466 0.129852
476 0.0467376 0 11 5 4 0 0 0.0396041 0.0419854 0.00759242 0.092821
477 0.0472907 0 11 4 6 0 0 0.0379374 0.0438829 0.00828244 0.0838269
478 0.0481204 0 11 4 6 0 0 0.0618791 0.0702646 0.0110101 0.133837
479 0.04895 0 11 3 8 0 0 0.0411727 0.0425681 0.00551338 0.14463
480 0.0500562 0 11 3 8 0 0 0.0418877 0.0447922 0.00180344 0.150486
481 0.0511625 0 12 4 6 0 0 0.0458243 0.0349395 0.00142432 0.126902
482 0.0519921 0 13 5 4 0 0 0.0494657 0.0368468 0.00214511 0.128929
483 0.0525452 0 12 6 4 0 0 0.034062 0.0276962 0.000254287 0.108788
484 0.0530983 0 11 4 10 0 0 0.132592 0.284784 0.00108518 0.898426
485 0.0544811 0 10 5 10 0 0 0.096537 0.172919 0.00124667 0.548909
486 0.0558639 0 12 5 8 0 0 0.143119 0.211601 0.00136997 0.746866
487 0.0569701 0 9 8 8 0 0 0.120942 0.168357 0.00147215 0.610328
488 0.0580763 0 11 8 6 0 0 0.127454 0.171429 0.00158543 0.68951
489 0.058906 0 9 10 6 0 0 0.107719 0.163134 0.00215132 0.680697
490 0.0597356 0 9 9 8 0 0 0.127709 0.182026 0.0028528 0.75388
491 0.0608418 0 9 8 10 0 0 0.19531 0.200259 0.0274212 0.715607
492 0.0622246 0 8 8 12 0 0 0.165927 0.151033 0.0285924 0.59094
493 0.0638839 0 12 9 8 0 0 0.253985 0.278083 0.0229087 1.21877
494 0.0649902 0 11 9 10 0 0 0.22629 0.261438 0.0162974 0.878658
495 0.0663729 0 10 10 10 0 0 0.165045 0.180912 0.0179919 0.581057
496 0.0677557 0 10 7 16 0 0 0.296141 0.351727 0.0205312 1.42118
497 0.0699681 0 9 8 16 0 0 0.271792 0.30992 0.0230262 1.2901
498 0.0721806 0 8 7 20 0 0 0.317241 0.278351 0.101737 0.961588
499 0.0749461 0 10 7 18 0 0 0.313026 0.348413 0.0897327 1.31173
500 0.0774351 0 12 7 16 0 0 0.302376 0.352991 0.051168 1.29621
501 0.0796475 0 14 6 16 0 0 0.319437 0.343543 0.0234205 1.10867
502 0.0818599 0 16 4 18 0 0 0.253882 0.304605 0.0159039 1.03028
503 0.0843489 0 17 4 18 0 0 0.275359 0.258389 0.0187367 0.732464
504 0.0868379 0 16 4 20 0 0 0.289063 0.240411 0.0116637 0.67001
505 0.0896034 0 21 5 14 0 0 0.460396 0.584319 0.013998 2.63161
506 0.0915393 0 20 5 16 0 0 0.340275 0.373449 0.00730106 1.544
507 0.0937518 0 23 5 14 0 0 0.346499 0.357755 0.00438975 1.21171
508 0.0956876 0 22 6 14 0 0 0.241505 0.298657 0.0037004 1.07865
509 0.0976235 0 20 8 14 0 0 0.220394 0.300628 0.00293793 1.19698
510 0.0995594 0 20 10 12 0 0 0.227691 0.288147 0.00370898 1.228
511 0.101219 0 21 13 8 0 0 0.198285 0.262737 0.0180687 1.28409
512 0.102325 0 22 13 8 0 0 0.187409 0.312354 0.011385 1.69286
513 0.103431 0 22 14 8 0 0 0.236293 0.541625 0.0104164 2.4985
514 0.104537 0 19 16 10 0 0 0.287739 0.46703 0.00387554 2.07678
515 0.10592 0 19 17 10 0 0 0.298914 0.44348 0.00226209 2.22427
516 0.107303 0 20 17 10 0 0 0.402712 0.67826 0.00186678 3.08501
517 0.108686 0 20 16 12 0 0 0.328641 0.476967 0.00702369 2.13528
518 0.110345 0 19 15 16 0 0 0.307158 0.361702 0.00828715 1.5987
519 0.112557 0 17 15 20 0 0 0.376661 0.446167 0.00915677 1.21883
520 0.115323 0 17 12 26 0 0 0.433704 0.45701 9.22664e-06 1.45466
521 0.118918 0 19 11 26 0 0 0.470258 0.505126 0.000347953 1.73665
522 0.122513 0 18 12 28 0 0 0.508457 0.499948 0.0171624 1.54144
523 0.126385 0 19 10 32 0 0 0.509335 0.59753 0.0227103 2.81486
524 0.128321 0.00248898 17 11 34 1 0 0.669183 0.885491 0.013995 4.51662
525 0.133022 0.00248898 16 13 34 1 0 0.603539 0.769088 0.0319531 3.63741
526 0.137724 0.00248898 18 13 32 1 0 0.605703 0.693715 0.0478936 3.17772
527 0.142149 0.00248898 21 13 30 1 0 0.571674 0.738243 0.053551 3.79164
528 0.146297 0.00248898 25 11 30 1 0 0.921711 0.966525 0.0275155 4.25277
529 0.150445 0.00248898 28 14 24 1 0 0.917767 0.896424 0.0149437 4.50268
530 0.153764 0.00248898 30 14 22 1 0 0.830906 0.818313 0.0120929 4.57732
531 0.156806 0.00248898 34 11 24 1 0 1.0674 0.960351 0.00107224 4.25772
532 0.160125 0.00248898 39 11 20 1 0 1.02747 1.01778 0.00966729 4.41504
533 0.16289 0.00248898 42 9 22 1 0 1.00266 1.06045 0.00236756 4.06754
534 0.165932 0 42 8 26 0 0 1.18865 1.33585 0.00566341 5.5851
535 0.169528 0 40 10 26 0 0 0.806767 0.87519 0.0131009 3.63526
536 0.173123 0 38 13 26 0 0 0.646643 0.67672 0.0130579 2.94738
537 0.176718 0 38 17 22 0 0 0.598531 0.609408 0.0137861 2.77679
538 0.17976 0 37 15 28 0 0 0.662182 0.681208 0.0203121 2.62002
539 0.183632 0 34 18 28 0 0 0.610412 0.659888 0.00923202 2.53998
540 0.187504 0 35 23 22 0 0 0.656608 0.763639 0.00965987 3.34962
541 0.190546 0 32 27 22 0 0 0.632636 0.675017 0.00512188 2.52103
542 0.193588 0 34 30 18 0 0 0.611612 0.562899 0.074325 2.63883
543 0.196077 0 38 30 16 0 0 0.671063 0.676676 0.107858 2.90349
544 0.198289 0 34 32 20 0 0 0.613607 0.63236 0.0852246 2.70882
545 0.201055 0 35 29 26 0 0 0.771592 0.748552 0.0777177 3.41667
546 0.20465 0 33 27 34 0 0 0.975163 0.955262 0.0946197 4.32154
547 0.209351 0 36 29 30 0 0 1.06664 1.00325 0.145006 4.10402
548 0.2135 0 35 27 36 0 0 1.12283 1.08224 0.109683 4.81095
549 0.218478 0 32 25 46 0 0 1.33283 1.11757 0.0374741 4.80073
550 0.224838 0 32 22 54 0 0 1.70242 1.50167 0.11932 7.92734
551 0.232305 0 33 19 60 0 0 1.68277 1.99493 0.107113 10.6866
552 0.240602 0 35 19 60 0 0 1.91537 2.26599 0.0668474 12.9894
553 0.248898 0 39 15 64 0 0 2.35053 2.22953 0.0811378 10.4417
554 0.257748 0 41 20 58 0 0 2.31326 2.02002 0.0154252 9.1632
555 0.265768 0 49 18 54 0 0 2.37689 2.40815 0.0163987 14.1581
556 0.273235 0 49 17 58 0 0 2.57433 2.40315 0.0262196 13.0367
557 0.281255 0 53 18 54 0 0 3.00477 2.66284 0.0526629 12.6929
558 0.288722 0 60 18 50 0 0 3.10235 2.5679 0.0466337 11.6447
559 0.295636 0 69 17 44 0 0 2.79179 2.30652 0.0917793 10.3471
560 0.30172 0 72 21 38 0 0 2.92108 2.26386 0.0352564 8.97244
561 0.306975 0 75 20 38 0 0 2.78938 2.28547 0.0263263 8.80928
562 0.312229 0 80 23 30 0 0 2.66176 2.32356 0.226486 9.29192
563 0.316378 0 80 19 40 0 0 2.78302 2.61952 0.18176 10.0634
564 0.321909 0 79 24 36 0 0 2.82036 2.69521 0.0367185 12.2412
565 0.326887 0 82 25 34 0 0 2.53668 2.41767 0.00619551 9.51257
566 0.331588 0 80 27 36 0 0 2.36549 2.16395 0.0383633 9.02488
567 0.336566 0 84 26 36 0 0 2.40103 2.01595 0.050724 8.33957
568 0.341544 0 87 26 34 0 0 2.36685 1.94574 0.0469612 7.9327
569 0.346245 0 88 22 42 0 0 2.5481 2.02743 0.0203762 8.19614
570 0.352053 0 89 24 40 0 0 2.7305 2.42959 0.0592774 11.1749
571 0.357584 0 87 23 46 0 0 2.71461 2.23146 0.0187406 11.1953
572 0.363945 0 98 22 38 0 0 3.01185 2.51026 0.0685962 13.8083
573 0.369199 0 98 17 48 0 0 3.16883 2.33723 0.112172 12.2946
574 0.375837 0 100 16 50 0 0 3.24029 2.58041 0.0696584 12.5121
575 0.382751 0 101 15 54 0 0 3.31653 2.96022 0.0731567 14.7006
576 0.390217 0 97 17 52 0 1 0.233356 0.216461 0.0178054 1.06118
577 0.397408 0 87 28 52 0 1 0.735955 0.804941 0.0183144 5.30904
578 0.404598 0 85 39 44 0 1 1.29168 1.23112 0.0371085 5.70928
579 0.410682 0 81 42 48 0 1 1.9596 1.83132 0.0408346 7.33987
580 0.41732 0 81 46 46 0 1 2.34599 2.0829 0.108996 8.6336
581 0.42368 0 82 48 44 0 1 2.47645 2.04238 0.296737 9.89284
582 0.429765 0 90 50 34 0 1 2.29357 1.87256 0.256007 8.79897
583 0.434466 0 95 49 32 0 1 2.2373 1.81693 0.111279 7.78495
584 0.438891 0 96 53 30 0 1 2.18271 1.60168 0.101655 7.08089
585 0.443039 0 96 53 34 0 1 2.07207 1.63231 0.00796696 6.16592
586 0.447741 0 83 49 56 0 2 0.38587 0.400047 0.0064934 1.86532
587 0.455484 0 82 40 78 0 2 1.50343 1.27598 0.0568724 5.65095
588 0.46627 0 88 34 84 0 2 2.44899 2.17691 0.0282572 9.43335
589 0.477885 0 89 32 90 0 2 3.62183 3.15928 0.0286568 12.4536
590 0.49033 0 80 33 94 0 4 0.535422 0.510977 0.0226152 2.11868
591 0.503328 0 72 39 98 0 4 1.50967 1.30986 0.0360557 5.45886
592 0.516879 0 70 44 96 0 4 2.44781 2.03235 0.0442814 8.35461
593 0.530154 0 73 40 104 0 4 3.34173 2.59697 0.127822 10.9348
594 0.544535 0 80 37 104 0 4 4.05657 2.93072 0.11776 11.6529
595 0.558915 0 98 30 98 0 5 0.963193 0.849111 0.0292255 3.94615
596 0.572466 0 117 32 80 0 5 1.97799 1.46095 0.140729 8.5591
597 0.583529 0 125 36 68 0 5 2.77874 2.08323 0.157672 12.4758
598 0.592931 0 128 41 62 0 5 3.48291 2.66524 0.0339883 13.734
599 0.601505 0 130 41 64 0 5 3.97476 2.83962 0.0104301 13.4621
600 0.607865 0.00248898 125 32 76 1 7 1.01763 0.950354 0.00859513 5.9947
601 0.618374 0.00248898 122 31 86 1 7 2.13172 1.55178 0.0306469 7.79039
602 0.630266 0.00248898 131 34 76 1 7 2.95025 2.0304 0.0332758 9.84875
603 0.640775 0.00248898 138 34 70 1 7 3.34469 2.27955 0.13266 11.4636
604 0.650455 0.00248898 153 30 58 1 8 0.915579 0.682723 0.0324327 3.36383
605 0.658475 0.00248898 152 34 58 1 8 1.59172 1.04272 0.0472218 6.46527
606 0.666495 0.00248898 148 34 66 1 8 2.52855 1.77704 0.0526975 9.14033
607 0.675621 0.00248898 147 32 76 1 8 3.57559 2.3747 0.160099 13.2417
608 0.68613 0.00248898 150 29 76 1 9 1.68258 1.14715 0.0153655 5.66336
609 0.696639 0.00248898 158 36 62 1 9 2.85812 1.94022 0.0285176 11.9514
610 0.705212 0 160 36 60 0 11 1.78525 1.32371 0.0284488 6.40921
611 0.713509 0 156 39 66 0 11 2.95564 1.91935 0.0685649 9.79669
612 0.722635 0 156 40 66 0 11 3.93735 2.34933 0.237037 11.8607
613 0.731761 0 153 40 60 0 13 1.99038 1.24791 0.0625941 5.52726
614 0.740058 0 153 40 66 0 13 2.93631 1.84673 0.1389 8.49275
615 0.749184 0 156 42 64 0 13 4.08618 2.50688 0.206367 13.1673
616 0.758034 0 168 38 60 0 14 2.89547 1.94521 0.0423652 8.52718
617 0.763842 0.00248898 170 41 56 1 14 3.7762 2.24073 0.267525 9.97403
618 0.771585 0.00248898 164 41 70 1 14 5.28503 2.9698 0.290043 19.9222
619 0.766331 0.00248898 174 36 70 1 13 6.17746 3.03944 0.0655681 13.7008
620 0.77601 0.00248898 164 29 76 1 19 2.65514 1.77276 0.134415 7.66709
621 0.786519 0.00248898 161 32 78 1 19 3.59658 2.0783 0.150294 9.01154
622 0.797305 0.00248898 152 33 80 1 20 2.83327 1.72307 0.0938772 7.75262
623 0.808367 0.00248898 157 34 80 1 20 4.11961 2.09852 0.168936 10.2346
624 0.819429 0.00248898 157 31 84 1 21 3.12159 1.74695 0.0843481 7.76119
625 0.831044 0.00248898 159 37 76 1 22 3.11778 1.77744 0.063258 8.22866
626 0.841553 0.00248898 160 36 80 1 22 4.57967 2.47534 0.304195 12.4329
627 0.852615 0 168 30 76 0 23 3.76151 1.74495 0.1372 7.70096
628 0.863125 0 177 31 66 0 23 4.89253 2.11354 0.238067 10.0618
629 0.854828 0 187 35 52 0 23 3.3834 1.96632 0.220677 10.335
630 0.862018 0 184 34 56 0 24 3.17486 1.60922 0.0693438 9.19922
631 0.869762 0 181 35 62 0 24 4.53431 2.23437 0.211197 10.6764
632 0.878335 0 181 28 64 0 29 3.7069 1.93517 0.0193464 10.7188
633 0.869762 0 184 25 60 0 28 3.56684 1.89399 0.0316581 10.9835
634 0.878058 0 182 22 72 0 28 5.1111 2.89171 0.0316829 14.998
635 0.888014 0 176 20 68 0 31 5.45324 2.59494 0.217385 16.4301
636 0.897417 0 176 21 56 0 35 6.40199 2.96706 0.0293631 17.3205
637 0.905161 0 157 21 58 0 40 6.07302 2.71932 0.0653707 13.3885
638 0.903225 0 156 18 64 0 40 5.64975 2.93355 0.437204 13.8116
639 0.912075 0 155 19 56 0 42 6.63832 2.81527 0.103408 14.4476
640 0.919818 0 158 17 56 0 43 7.67871 3.50083 0.0912495 20.8676
641 0.927562 0 162 15 48 0 47 8.86915 4.01542 0.572048 21.7785
642 0.934199 0 153 14 42 0 53 10.2054 4.43984 0.0483617 22.6702
643 0.917606 0 154 11 36 0 56 7.90507 3.7714 0.29711 18.671
644 0.922584 0 140 9 36 0 62 8.08778 3.78647 0.283048 19.3848
645 0.927562 0 126 12 38 0 67 8.28375 3.75672 0.0966117 18.8905
646 0.932816 0 119 9 38 0 71 9.13786 4.23794 0.55118 20.0687
647 0.928115 0 120 7 32 0 74 8.55166 3.95613 1.37477 21.913
648 0.93254 0 107 6 34 0 80 8.19261 4.61291 0.0970421 22.6776
649 0.937241 0 104 7 28 0 84 8.75787 4.18297 0.269821 22.2445
650 0.941113 0 100 8 22 0 89 8.50497 3.93482 0.555292 21.4245
651 0.934199 0 89 8 22 0 94 8.00795 4.23178 0.437277 18.7458
652 0.937241 0 88 10 14 0 98 8.25044 4.04223 0.151785 16.4194
653 0.926732 0 85 10 10 0 99 7.2659 4.32438 0.0415291 19.2871
654 0.928115 0 86 9 10 0 100 6.90556 3.99686 0.021822 19.694
655 0.929497 0 78 9 10 0 106 8.02918 4.5044 0.0634697 24.2321
656 0.908479 0 78 7 12 0 105 6.10946 2.74241 0.0651612 13.1224
657 0.910139 0 78 9 10 0 105 6.40287 3.03366 0.786993 15.5872
658 0.911521 0 77 7 12 0 106 6.26803 3.21917 0.419811 15.8172
659 0.910692 0 76 6 14 0 106 5.60387 3.2328 0.0500572 13.4435
660 0.912628 0 73 7 16 0 107 5.46084 2.83161 0.529172 13.7479
661 0.91484 0 72 5 20 0 108 5.41104 2.80039 0.489184 13.4553
662 0.917606 0 68 6 20 0 109 6.24129 2.58305 0.87219 14.1835
663 0.87308 0 67 8 18 0 104 3.52632 1.89171 0.124905 8.34132
664 0.875569 0 67 10 16 0 104 3.88156 2.03187 0.229728 9.19857
665 0.860359 0 69 12 12 0 103 3.88958 2.07069 0.224941 9.15243
666 0.862018 0 69 11 14 0 103 4.09712 2.1005 0.197714 9.21684
667 0.853998 0 72 12 10 0 102 4.27546 2.25196 0.364942 10.1143
668 0.852892 0 70 16 8 0 101 4.13486 2.1763 0.544095 9.43118
669 0.853998 0 70 15 12 0 101 4.18784 2.10071 0.33096 9.27715
670 0.835746 0 74 15 8 0 100 4.00661 2.08447 0.56327 9.48281
671 0.836852 0 73 14 12 0 100 4.12647 2.45573 0.339536 12.5575
672 0.836022 0 70 15 16 0 99 4.14196 2.62374 0.147676 12.9273
673 0.828279 0 68 15 20 0 98 4.1234 2.7734 0.105787 13.113
674 0.831044 0 67 13 24 0 99 2.26872 1.34176 0.106839 6.47054
675 0.804495 0 68 14 22 0 94 2.22364 1.15338 0.0678217 5.90583
676 0.790114 0 66 15 24 0 93 2.30872 1.19856 0.070565 6.21067
677 0.793433 0 63 14 32 0 93 2.64545 1.41636 0.0429287 6.41985
678 0.763012 0 66 15 30 0 90 2.88149 1.69714 0.031452 7.11389
679 0.739782 0 65 16 30 0 86 2.69449 1.675 0.338777 6.42612
680 0.699128 0 68 16 28 0 81 2.44749 2.14123 0.10871 11.5848
681 0.698022 0 69 16 30 0 80 2.09335 1.86234 0.0578292 10.2563
682 0.682258 0 68 19 30 0 78 1.83519 1.50009 0.0945665 7.44437
683 0.67894 0 70 21 26 0 77 1.59098 1.38058 0.0856746 6.27935
684 0.660134 0 69 21 28 0 73 1.32122 1.2304 0.0164355 5.58723
685 0.624182 0 66 24 30 0 67 1.05355 1.04395 0.00842239 4.96111
686 0.598463 0 70 25 28 0 62 0.914234 0.892638 0.0117261 4.61283
687 0.557533 0 70 26 30 0 56 0.799474 0.831484 0.0148997 4.07947
688 0.536791 0 64 31 32 0 51 0.634765 0.708741 0.013379 3.34994
689 0.513837 0 59 37 32 0 47 0.528536 0.563594 0.010223 2.30868
690 0.49835 0 62 37 32 0 43 0.465133 0.444568 0.0102508 1.69605
691 0.470418 0 60 38 38 0 37 0.54504 0.625308 0.00162043 2.73395
692 0.453272 0 57 39 42 0 33 0.393609 0.423103 0.00444124 1.58613
693 0.436679 0 56 41 42 0 28 0.326258 0.385005 0.000268407 1.73621
694 0.415107 0 56 40 48 0 22 0.333815 0.398482 0.000381725 1.38571
695 0.404322 0 60 38 50 0 18 0.310611 0.352513 0.000408333 1.52581
696 0.393813 0 59 41 52 0 15 0.320092 0.361111 0.000431281 1.39298
697 0.398514 0 56 40 62 0 14 0.470586 0.671946 0.000449471 3.45813
698 0.384686 0 55 36 74 0 8 0.380983 0.467605 0.00046424 2.41909
699 0.389941 0 55 39 74 0 7 0.391455 0.451134 0.000477057 2.15804
700 0.400173 0 62 36 76 0 7 0.329347 0.363495 0.000487689 1.56113
701 0.403216 0 62 37 78 0 6 0.320182 0.322722 0.000496098 1.11804
702 0.411512 0 60 38 82 0 5 0.32265 0.404404 0.000180322 2.63766
703 0.420362 0 67 37 80 0 4 0.353175 0.416323 0.000510618 2.52413
704 0.428935 0 71 39 76 0 3 0.367081 0.460906 0.000516287 2.3049
705 0.431977 0 68 43 82 0 2 0.426134 0.596976 0.000742025 2.93649
706 0.440827 0 77 41 80 0 1 0.402504 0.509405 0.000752726 2.17006
707 0.451889 0 88 41 72 0 1 0.476628 0.657613 0.00050983 5.15892
708 0.461845 0 91 38 78 0 1 0.417622 0.482672 0.000108094 3.38692
709 0.472631 0 100 38 72 0 1 0.456963 0.537433 2.29567e-05 3.8717
710 0.482586 0 98 42 74 0 1 0.459006 0.514622 4.59038e-06 3.52672
711 0.492819 0 100 42 76 0 1 0.431049 0.478782 9.8097e-07 3.01477
712 0.503328 0 99 48 74 0 1 0.503301 0.539785 2.10168e-07 2.58201
713 0.51356 0 99 48 78 0 1 0.529821 0.529309 4.39531e-08 2.53572
714 0.524346 0 104 46 86 0 1 0.837753 0.856601 8.94943e-09 3.97204
715 0.536238 0 102 55 82 0 1 1.02459 1.0674 2.63255e-07 4.83473
716 0.547577 0 103 57 82 0 1 1.19157 1.1847 7.68451e-09 4.93238
717 0.556426 0 110 59 76 0 0 1.33345 1.23268 1.19637e-05 5.54633
718 0.566935 0 111 61 76 0 0 1.34254 1.18067 0.00148814 6.14355
719 0.577444 0 117 55 84 0 0 1.65551 1.53343 0.00214454 7.17793
720 0.58906 0 121 55 84 0 0 1.71138 1.53249 0.00261381 6.49803
721 0.600675 0 126 47 96 0 0 1.56813 1.34889 0.00319839 5.91382
722 0.61395 0 128 49 96 0 0 1.60954 1.37251 0.00401089 6.67225
723 0.627224 0 145 45 92 0 0 1.94423 1.7827 0.00548966 7.82277
724 0.639946 0 149 35 110 0 0 2.22489 1.89593 0.00532092 7.7255
725 0.655156 0 147 38 114 0 0 2.39602 2.08195 0.0032687 10.0595
726 0.67092 0 150 36 118 0 0 2.48817 2.12485 0.00559899 10.039
727 0.687236 0 153 34 122 0 0 2.68299 2.23971 0.0122563 9.65147
728 0.704106 0 164 37 110 0 0 3.06269 2.29876 0.0205416 10.9577
729 0.719317 0 166 39 110 0 0 3.52941 2.58392 0.0178025 11.265
730 0.734527 0 180 42 94 0 0 3.87043 2.84167 0.0381101 13.5518
731 0.747525 0 178 38 98 0 2 0.927802 0.839955 0.00596988 4.19151
732 0.761076 0 186 43 90 0 2 1.58085 1.22953 0.0356612 7.50635
733 0.773521 0 199 52 70 0 2 2.3348 1.70649 0.054863 9.55132
734 0.7832 0 199 54 76 0 2 3.19229 2.32308 0.0303919 13.3019
735 0.79371 0 198 59 72 0 3 1.33117 0.977917 0.0104466 4.448
736 0.803665 0 200 65 66 0 3 2.03015 1.39823 0.00932206 7.45127
737 0.812792 0 201 64 70 0 3 3.03648 2.10466 0.00853879 9.29412
738 0.822471 0 190 66 74 0 6 2.28235 1.47412 0.0340519 7.51469
739 0.832704 0 187 67 80 0 6 3.44468 2.11439 0.0608214 9.74723
740 0.843766 0 191 69 76 0 8 2.7614 1.60569 0.0904439 7.12358
741 0.854275 0 196 63 86 0 9 3.06883 1.70926 0.0481533 8.41467
742 0.866167 0 191 53 104 0 11 4.09948 1.80343 0.0377277 8.29943
743 0.880547 0 196 45 108 0 13 4.57385 2.04475 0.220995 10.1982
744 0.895481 0 195 40 116 0 14 6.49572 2.52147 0.306128 13.554
745 0.911521 0 166 30 124 0 24 8.51211 3.73287 0.522993 19.4122
746 0.928668 0 144 23 122 0 35 10.1432 4.09527 2.15778 19.8122
747 0.945538 0 127 13 124 0 47 12.706 5.45876 0.253953 27.7837
748 0.962684 0 107 11 118 0 57 15.1894 6.50638 3.02437 32.4213
749 0.979001 0 88 6 116 0 67 16.8739 6.68757 2.8875 35.2377
750 0.995041 0 86 3 98 0 80 18.1798 6.98097 3.54519 35.1267
751 1 0 88 2 78 0 89 22.0906 7.69691 10.1776 49.8856
752 1 0 89 0 62 0 99 24.0351 9.27431 2.69266 44.3278
753 1 0 77 0 48 0 112 23.1964 9.32995 3.31411 44.2719
754 1 0 68 0 36 0 122 25.0365 8.76778 7.60893 55.066
755 1 0 57 0 30 0 132 24.6246 10.3072 4.74685 45.937
756 0.997615 0.00238474 63 1 16 1 138 27.6212 11.0972 9.32657 64.426
757 0.99762 0.00237969 56 1 14 1 146 26.8712 10.5812 6.4769 53.2075
758 0.997625 0.0023753 53 1 8 1 151 27.8003 8.69818 10.973 48.2399
759 0.997627 0.00237279 52 1 6 1 153 27.7806 8.79128 7.8824 49.7104
760 0.997629 0.00237092 42 1 4 1 159 30.4324 12.6124 7.24676 72.2008
761 0.99763 0.00236967 41 1 0 1 162 30.6131 13.0065 6.48696 70.5148
762 0.99763 0.00236967 38 1 0 1 165 30.2647 12.5239 6.47044 68.1577
763 0.99763 0.00236967 24 1 0 1 173 27.7828 9.6735 9.87762 44.3826
764 0.99763 0.00236967 21 0 0 1 177 27.0004 9.16239 8.69436 43.4805
765 0.99763 0.00236967 20 0 0 1 178 26.6004 9.26994 8.50343 43.6429
766 1 0 17 0 0 0 180 23.9783 8.52089 5.93505 42.8189
767 1 0 12 0 0 0 183 23.4614 9.21199 4.75398 37.6189
768 1 0 11 0 0 0 184 24.315 9.70558 3.31756 37.9824
769 1 0 9 0 0 0 186 22.7775 9.91122 3.04096 38.5299
770 1 0 8 0 0 0 187 20.8293 8.63247 3.0211 31.363
771 1 0 8 0 0 0 187 20.8217 8.63275 3.01997 31.3595
772 1 0 7 0 0 0 188 19.3244 8.19063 3.00488 30.3363
773 1 0 7 0 0 0 188 19.2999 8.19181 3.00405 30.3369
774 1 0 7 0 0 0 186 16.8343 8.37278 2.97938 31.8666
775 1 0 7 0 0 0 186 18.1444 8.02142 2.86324 32.0933
776 1 0 7 0 0 0 186 18.6828 8.58307 2.67677 32.3139
777 1 0 7 0 0 0 186 18.6708 8.96748 2.47118 33.6759
778 1 0 6 0 0 0 186 18.5414 12.3043 0.889058 35.2048
779 1 0 5 0 0 0 187 21.9553 14.5617 5.93946 46.1546
780 1 0 5 0 0 0 187 21.56 13.8705 6.33613 44.6573
781 0.993105 0 5 0 0 0 184 22.0159 14.9533 6.40637 48.1805
782 0.993105 0 4 0 0 0 185 8.06698 4.90888 1.47305 13.3177
783 0.988127 0 4 0 0 0 183 8.09881 5.19038 1.12746 13.2888
784 0.985638 0 3 0 0 0 183 11.6689 6.53359 5.29864 20.6503
785 0.965726 0 3 0 0 0 181 6.78174 4.05292 2.64354 12.2853
786 0.943325 0 3 0 0 0 179 3.93623 1.17777 2.44793 5.32801
787 0.93088 0 3 0 0 0 178 2.88326 1.62067 1.2924 5.10759
788 0.838788 0 3 0 0 0 168 2.80319 1.29823 1.39495 4.52749
789 0.754162 0 3 0 0 0 157 3.28996 2.61742 0.399647 6.73784
790 0.674515 0 3 0 0 0 145 3.04425 2.80817 0.0925797 6.82105
791 0.602334 0 3 0 0 0 135 2.28269 1.99395 0.0412358 4.8852
792 0.530154 0 2 1 0 0 125 1.14495 0.799235 1.62725 1.78908
793 0.470418 0 2 1 0 0 112 0.841867 0.604182 1.12956 1.39478
794 0.420638 0 2 1 0 0 103 0.375967 0.440291 0.132545 0.994009
795 0.373348 0 2 1 0 0 93 0.183582 0.215816 0.0615694 0.486868
796 0.308634 0 1 2 0 0 80 0.100404 0.120906 0.0307451 0.0307451
797 0.256365 0 0 3 0 0 70 0.0673546 0.0823463 inf -100
798 0.214053 0 0 3 0 0 60 0.0406664 0.0506649 inf -100
799 0.199119 0 0 3 0 0 54 0.0299436 0.0373074 inf -100
800 0.176718 0 0 3 0 0 46 0.00836022 0.00886919 inf -100
