0 0.0174229 0 6 1 0 0 0 0.00103892 0.00119965 0 0.00242468
1 0.0174229 0 5 2 0 0 0 0.000128899 0.00014884 0 0.000300947
2 0.0174229 0 5 2 0 0 0 0.000122054 0.000140936 0 0.000284962
3 0.0174229 0 5 2 0 0 0 0.000115746 0.000133652 0 0.000270228
4 0.0174229 0 2 5 0 0 0 0.000109917 0.000126922 0 0.000256431
5 0.0174229 0 2 5 0 0 0 0.000104522 0.000120692 0 0.000243845
6 0.0174229 0 2 5 0 0 0 9.95176e-05 0.000114913 0 0.000232171
7 0.0174229 0 2 5 0 0 0 9.48667e-05 0.000109543 0 0.000221322
8 0.0174229 0 2 5 0 0 0 9.05369e-05 0.000104543 0 0.000211221
9 0.0174229 0 2 4 2 0 0 6.45141e-05 9.12367e-05 0 0.000193481
10 0.0176994 0 2 3 4 0 0 7.38985e-05 9.05068e-05 0 0.00018469
11 0.0182526 0 2 3 4 0 0 7.04118e-05 8.62365e-05 0 0.000175977
12 0.0188057 0 2 3 4 0 0 6.71248e-05 8.22108e-05 0 0.000167763
13 0.0193588 0 2 0 10 0 0 8.038e-05 8.038e-05 0 0.00016076
14 0.0207415 0 2 0 10 0 0 7.71265e-05 7.71265e-05 0 0.000154253
15 0.0221243 0 1 1 10 0 0 7.3668e-05 7.3668e-05 0 0
16 0.0235071 0 1 1 10 0 0 7.07274e-05 7.07274e-05 0 0
17 0.0248898 0 1 1 10 0 0 6.78831e-05 6.78831e-05 0 0
18 0.0262726 0 3 1 8 0 0 0.0745842 0.0951871 0 0.232859
19 0.0273788 0 5 1 6 0 0 0.0222161 0.0300205 0 0.0869518
20 0.0282085 0 5 1 6 0 0 0.0100303 0.0164526 0 0.0456459
21 0.0290382 0 4 2 6 0 0 0.00575284 0.00991215 0.000164783 0.0272233
22 0.0298678 0 9 3 0 0 0 0.0539897 0.0698455 2.48189e-05 0.201054
23 0.0298678 0 8 4 0 0 0 0.0205185 0.0261423 2.73447e-06 0.0760719
24 0.0298678 0 8 3 2 0 0 0.0120413 0.0139221 7.46365e-08 0.0400687
25 0.0301444 0 6 5 2 0 0 0.00564669 0.00630215 7.91665e-09 0.0180558
26 0.0304209 0 6 5 2 0 0 0.00352488 0.00385708 1.4259e-09 0.0109458
27 0.0306975 0 6 5 2 0 0 0.00230943 0.00249293 7.95809e-11 0.00699018
28 0.030974 0 5 6 2 0 0 0.00182593 0.00196006 8.1854e-12 0.00545318
29 0.0312506 0 4 7 2 0 0 0.00149485 0.00159863 1.0199e-12 0.00441559
30 0.0315271 0 3 7 4 0 0 0.00139711 0.00135709 1.52757e-13 0.00371923
31 0.0320802 0 3 6 6 0 0 0.00176674 0.00201529 2.6404e-14 0.00320119
32 0.0329099 0 1 7 8 0 0 0.0162276 0.0376652 0.00274184 0.00274184
33 0.0340161 0 2 8 6 0 0 0.0296827 0.0495985 0.0272924 0.138168
34 0.0348458 0 1 7 10 0 0 0.0355611 0.0368015 0.00778227 0.00778227
35 0.0362286 0 1 7 10 0 0 0.0326893 0.0382633 0.00366723 0.00366723
36 0.0376113 0 1 7 10 0 0 0.0325381 0.0404694 0.00214723 0.00214723
37 0.0389941 0 1 6 12 0 0 0.0353466 0.0431855 0.00139655 0.00139655
38 0.0406534 0 0 6 14 0 0 0.024266 0.0384834 inf -100
39 0.0425893 0 2 5 14 0 0 0.00886057 0.00866611 0.0141599 0.0141599
40 0.0445252 0 4 5 12 0 0 0.00946009 0.0109754 0.00205541 0.0267514
41 0.0461845 0 6 3 14 0 0 0.120355 0.24627 0.000383074 0.798543
42 0.0481204 0 6 2 16 0 0 0.0681567 0.137352 6.68346e-05 0.422897
43 0.0478438 0.00248898 9 1 14 1 0 0.0880426 0.101405 1.25799e-05 0.309856
44 0.0497797 0.00248898 7 3 14 1 0 0.0690036 0.0784509 2.1851e-06 0.131686
45 0.0517156 0.00248898 6 4 14 1 0 0.0790829 0.0789414 3.82344e-07 0.12453
46 0.0536514 0.00248898 8 4 12 1 0 0.147043 0.188134 6.65939e-08 0.715366
47 0.0553108 0.00248898 9 4 12 1 0 0.179542 0.218125 1.28779e-08 0.821731
48 0.0569701 0.00248898 10 5 10 1 0 0.133715 0.125619 2.65662e-09 0.420017
49 0.0583529 0.00248898 9 6 10 1 0 0.0788385 0.0701482 0.00105276 0.243781
50 0.0597356 0.00248898 12 7 6 1 0 0.0764932 0.101388 0.00152903 0.456109
51 0.0605653 0.00248898 12 9 4 1 0 0.0911607 0.151195 0.000425136 0.672905
52 0.0611184 0.00248898 10 13 2 1 0 0.0747582 0.0964205 0.00010212 0.313001
53 0.061395 0 9 12 6 0 0 0.0607056 0.0630647 1.98213e-05 0.201041
54 0.0622246 0 7 13 8 0 0 0.0463787 0.0475575 3.97278e-06 0.176383
55 0.0633308 0 6 14 8 0 0 0.0508847 0.0577908 8.04228e-07 0.188249
56 0.064437 0 8 13 8 0 0 0.0650334 0.0738491 1.5408e-07 0.180082
57 0.0655433 0 8 12 10 0 0 0.0539983 0.0691814 0.0131772 0.0620209
58 0.066926 0 6 13 12 0 0 0.0510737 0.0761843 0.0102168 0.0316401
59 0.0685854 0 5 13 14 0 0 0.0623543 0.111765 0.00560133 0.0342631
60 0.0705212 0 4 12 18 0 0 0.0926965 0.208196 0.00318211 0.807386
61 0.0730102 0 4 8 26 0 0 0.262545 0.571978 0.00188778 0.414823
62 0.0766054 0 8 7 24 0 0 0.460584 0.704858 0.00114523 2.41394
63 0.0799241 0 9 6 26 0 0 0.41165 0.551379 0.000707944 1.60873
64 0.0835193 0 8 6 28 0 0 0.425055 0.448582 0.0377232 1.38218
65 0.087391 0 9 7 26 0 0 0.320395 0.368667 0.0195783 1.11687
66 0.0909862 0 10 8 24 0 0 0.288014 0.316698 0.0278183 1.03345
67 0.0943049 0 12 6 26 0 0 0.296566 0.372845 0.00660092 1.0334
68 0.0979001 0 14 5 26 0 0 0.37023 0.470422 0.00218017 1.48445
69 0.101495 0 14 8 24 0 0 0.450283 0.555287 0.000440378 1.77833
70 0.104814 0 21 9 16 0 0 0.375888 0.50183 8.71452e-05 1.76325
71 0.107026 0 20 12 14 0 0 0.31817 0.41522 1.89082e-05 1.54012
72 0.108962 0 23 12 12 0 0 0.230979 0.261594 3.91021e-06 1.07453
73 0.110622 0 21 15 12 0 0 0.210265 0.230851 0.00848554 0.922935
74 0.112281 0 18 17 14 0 0 0.200786 0.229716 0.0121518 0.775653
75 0.114217 0 16 18 16 0 0 0.212851 0.221299 0.00824631 0.708876
76 0.116429 0 19 19 12 0 0 0.236235 0.246111 0.00677277 0.976009
77 0.118088 0 19 21 10 0 0 0.176602 0.183636 0.00612485 0.637008
78 0.119471 0 20 18 16 0 0 0.240219 0.316405 0.00359785 0.882438
79 0.121684 0 19 18 18 0 0 0.226594 0.320695 0.00750768 0.904623
80 0.124173 0 17 17 24 0 0 0.259466 0.444668 0.00525736 1.65233
81 0.127491 0 19 16 24 0 0 0.361922 0.591661 0.00807102 1.9245
82 0.13081 0 20 13 30 0 0 0.432892 0.662449 0.00623584 2.10415
83 0.134958 0 20 12 34 0 0 0.339162 0.491493 0.0140943 1.67437
84 0.13966 0 21 11 36 0 0 0.269604 0.379681 0.0120474 1.36138
85 0.144638 0 20 11 38 0 0 0.330618 0.475978 0.0120858 1.67794
86 0.149892 0 17 12 42 0 0 0.407276 0.599435 0.0136507 1.46017
87 0.1557 0 23 13 36 0 0 0.791871 1.0256 0.0152728 3.54647
88 0.160678 0 24 13 36 0 0 0.560128 0.687923 0.0140787 2.57449
89 0.165656 0 27 14 34 0 0 0.525096 0.570711 0.0193623 2.0954
90 0.170357 0 26 17 32 0 0 0.538389 0.660997 0.0207041 2.96836
91 0.174782 0 31 19 26 0 0 0.518732 0.68641 0.00473976 2.97623
92 0.178377 0 30 24 24 0 0 0.508691 0.590343 0.0010358 2.32499
93 0.181696 0 29 28 22 0 0 0.446391 0.547209 0.000178516 2.31833
94 0.184738 0 29 29 22 0 0 0.434171 0.562199 0.000194535 2.30519
95 0.18778 0 29 30 24 0 0 0.437535 0.605926 0.000112 2.4655
96 0.191099 0 28 31 26 0 0 0.510303 0.869746 5.65305e-05 4.55141
97 0.194694 0 28 32 26 0 0 0.369402 0.576302 2.7878e-05 2.5668
98 0.198289 0 29 32 28 0 0 0.416975 0.571044 1.30496e-05 2.23591
99 0.202161 0 27 31 34 0 0 0.5141 0.863366 6.04941e-06 3.08092
100 0.206862 0 26 31 38 0 0 0.610082 0.822931 2.82067e-06 3.59716
101 0.212117 0 27 27 48 0 0 0.852536 1.13009 0.00966406 4.37925
102 0.218754 0 25 26 56 0 0 0.848928 1.16339 0.00302608 4.82093
103 0.226498 0 24 27 58 0 0 1.08412 1.65953 0.00739187 6.06362
104 0.234518 0 24 29 60 0 0 1.28053 2.01895 0.0101575 7.44343
105 0.242814 0 26 28 62 0 0 1.29005 1.95761 0.0398308 7.05845
106 0.251387 0 27 27 64 0 0 1.4062 2.22339 0.0766057 9.09832
107 0.260237 0 32 25 64 0 0 1.67438 2.38721 0.0198755 11.0942
108 0.269087 0 36 25 62 0 0 1.78623 2.35294 0.0215419 10.7707
109 0.27766 0 36 28 62 0 0 1.76444 2.26239 0.0306712 9.70706
110 0.286233 0 49 26 54 0 0 1.70648 2.05496 0.00174805 8.12539
111 0.2937 0 50 31 52 0 0 1.78942 2.33475 0.00837199 11.7498
112 0.298402 0.00248898 48 33 54 1 0 1.68668 2.19769 0.0168891 8.84458
113 0.305869 0.00248898 50 33 58 1 0 1.80108 1.8735 0.0278033 7.62063
114 0.313889 0.00248898 51 36 56 1 0 1.60577 1.70259 0.0136031 6.34144
115 0.321632 0.00248898 49 41 54 1 0 1.41761 1.45954 0.00330329 6.3886
116 0.329099 0.00248898 50 45 50 1 0 1.33222 1.35198 0.00315842 6.44199
117 0.336013 0.00248898 52 45 50 1 0 1.38326 1.69551 0.00197588 8.3515
118 0.342927 0.00248898 56 41 56 1 0 1.45976 1.95217 0.00139241 9.1141
119 0.35067 0.00248898 59 43 52 1 0 1.58875 2.41739 0.00106782 12.3389
120 0.357861 0.00248898 59 42 62 1 0 1.48913 2.00504 0.00086839 9.78994
121 0.366434 0.00248898 59 43 66 1 0 1.61758 2.09983 0.000715471 9.40817
122 0.37556 0 65 43 66 0 0 1.7349 2.02291 0.000602279 9.3459
123 0.384686 0 60 47 72 0 0 1.73185 1.97557 0.000369421 10.4844
124 0.394642 0 59 44 82 0 0 1.81231 1.95602 0.000879736 10.0723
125 0.405981 0 55 45 90 0 0 1.96126 2.15229 0.00168178 8.42105
126 0.418426 0 54 48 90 0 0 2.21774 2.45959 0.00239993 11.0727
127 0.430871 0 62 50 82 0 0 2.68379 3.00462 0.00311456 11.5753
128 0.44221 0 60 51 86 0 0 2.57267 2.91401 0.00764564 9.68433
129 0.454101 0 72 49 84 0 0 2.61372 2.4134 0.030191 11.0679
130 0.465717 0 76 49 86 0 0 3.00309 3.26588 0.0404985 15.1616
131 0.477608 0 85 46 86 0 0 3.28094 3.56117 0.040982 13.7457
132 0.4895 0 85 47 94 0 0 3.60147 3.89007 0.0425124 16.0222
133 0.502498 0 91 50 88 0 0 2.87148 2.97223 0.0157808 13.104
134 0.514667 0 91 54 90 0 0 3.02179 3.2296 0.0151865 11.2303
135 0.527112 0 92 52 96 0 0 3.21222 3.65097 0.00888292 16.6434
136 0.540386 0 86 58 100 0 0 3.30737 3.58813 0.0069789 14.7087
137 0.554214 0 79 67 102 0 0 3.44717 3.56784 0.0149342 15.909
138 0.568318 0 86 70 98 0 0 3.49313 3.52796 0.00858472 15.6559
139 0.581869 0 95 67 98 0 0 3.39302 3.29468 0.00430138 14.4169
140 0.59542 0 103 68 92 0 0 3.80553 3.51238 0.00155915 17.2853
141 0.608142 0 110 69 94 0 0 4.28845 3.90127 0.000603563 20.1766
142 0.62114 0 103 76 100 0 0 4.70569 3.85805 0.00211557 20.2916
143 0.634968 0 110 71 108 0 0 5.4705 4.49426 0.00423804 19.4761
144 0.649902 0 108 80 104 0 0 6.01575 4.53514 0.00265623 19.6536
145 0.664282 0 108 78 116 0 0 6.96673 5.3261 0.0067324 25.3097
146 0.680322 0 111 70 134 0 0 7.64061 6.22711 0.0115042 32.9003
147 0.698852 0 112 72 140 0 0 8.64742 7.78382 0.0169173 52.2336
148 0.71821 0 109 84 134 0 0 9.87639 8.38452 0.046695 51.2302
149 0.736739 0 106 89 136 0 0 10.6216 7.92706 0.0897181 40.1172
150 0.755545 0 116 88 138 0 0 11.322 8.37137 0.228534 40.7571
151 0.772138 0.00248898 116 86 152 1 0 13.0642 8.979 0.210985 44.3059
152 0.793156 0.00248898 122 95 142 1 0 14.5042 9.08706 0.259469 41.7591
153 0.810303 0.00497797 117 93 160 2 0 16.1893 9.73297 0.0217577 42.8556
154 0.832427 0.00497797 127 95 156 2 0 19.6195 10.4167 0.0394321 45.4589
155 0.853998 0.00497797 141 102 140 2 0 22.6805 11.7019 0.0426016 62.8762
156 0.873357 0.00497797 148 102 144 2 0 26.2779 13.5419 0.0268433 69.9533
157 0.893269 0.00497797 143 98 168 2 0 29.4375 15.0764 0.570453 82.9346
158 0.916499 0.00497797 141 99 178 2 0 33.0645 15.7513 0.0829245 86.163
159 0.941113 0.00497797 152 100 176 2 0 36.6461 17.3204 1.20775 77.1987
160 0.965449 0.00497797 168 99 172 2 0 42.2095 18.7693 1.8832 91.1839
161 0.989233 0.00248898 164 99 190 1 0 46.0086 20.2812 1.72839 93.0958
162 0.997555 0.00244499 178 99 186 1 0 51.7124 21.9741 2.16557 119.686
163 1 0 175 108 190 0 0 56.7713 22.7807 2.61061 112.424
164 1 0 169 112 203 0 0 62.0246 23.606 2.27788 113.115
165 1 0 174 118 202 0 0 66.987 26.0395 3.11769 135.466
166 1 0 191 119 195 0 0 73.6932 27.8961 3.86092 129.544
167 1 0 197 121 197 0 0 80.4222 27.6821 2.40828 144.215
168 1 0 206 118 199 0 0 86.0307 24.8281 12.6224 156.372
169 1 0 213 122 197 0 0 92.8191 24.0162 12.026 158.123
170 1 0 221 127 194 0 0 98.3628 24.5553 42.1529 166.263
171 1 0 219 138 194 0 0 107.182 23.8668 45.9254 182.262
172 1 0 212 141 207 0 0 111.839 26.4174 47.592 179.222
173 1 0 217 136 212 0 0 113.775 26.2604 45.9934 215.396
174 1 0 213 136 220 0 0 114.688 23.6027 52.1309 198.121
175 1 0 205 149 214 0 0 118.567 24.8029 53.3909 183.376
176 1 0 198 143 219 0 0 114.458 26.5541 42.1847 188.897
177 1 0 196 147 212 0 0 110.603 24.2408 33.6101 172.031
178 1 0 200 147 212 0 0 114.519 24.2676 46.2747 181.708
179 1 0 204 145 217 0 0 117.789 22.9296 51.164 205.859
180 1 0 199 141 230 0 0 118.105 23.8171 55.3994 189.902
181 1 0 201 134 236 0 0 116.922 23.9988 31.6639 179.368
182 1 0 211 135 224 0 0 118.007 25.8827 49.879 168.937
183 1 0 219 132 215 0 0 115.866 26.123 24.8879 185.108
184 1 0 211 125 241 0 0 118.87 25.4156 48.0435 199.005
185 1 0 208 133 235 0 0 122.728 25.6924 63.3076 190.017
186 1 0 197 134 243 0 0 123.266 26.3684 31.2638 191.534
187 1 0 190 139 240 0 0 121.689 25.6002 52.4807 203.349
188 1 0 200 138 231 0 0 123.029 25.8159 46.0832 215.747
189 1 0 216 128 228 0 0 122.592 26.1908 50.9941 194.926
190 1 0 217 126 227 0 0 120.914 26.1211 49.5122 205.439
191 1 0 209 128 229 0 0 119.784 27.4443 42.4845 207.426
192 1 0 215 126 229 0 0 123.14 26.9118 51.259 206.232
193 1 0 236 120 211 0 0 119.624 26.7239 49.3017 185.353
194 1 0 214 131 223 0 0 120.477 26.7507 36.0907 188.291
195 1 0 212 132 214 0 0 114.503 27.085 44.4151 188.329
196 0.99799 0.0020096 215 124 221 1 0 113.187 24.9119 34.5612 169.452
197 0.997994 0.00200557 219 122 220 1 0 113.261 26.8848 43.2754 184.217
198 0.998028 0.00197152 228 130 205 1 0 120.17 27.6788 44.3871 201.137
199 0.998018 0.00198172 221 132 211 1 0 119.849 28.4244 51.4454 193.117
200 0.998016 0.00198435 214 135 216 1 0 118.773 27.0721 51.3204 201.085
201 0.998021 0.00197911 208 144 212 1 0 119.279 26.5887 47.5587 218.778
202 0.998006 0.0019938 201 153 201 1 0 117.498 26.2396 50.725 203.02
203 0.997996 0.00200445 198 144 224 1 0 115.653 24.5451 44.9182 174.898
204 1 0 186 150 228 0 0 112.563 24.5287 45.8634 192.978
205 1 0 183 159 221 0 0 113.454 25.1216 48.0576 185.96
206 1 0 187 161 221 0 0 117.55 25.0245 60.2857 184.399
207 1 0 176 160 233 0 0 118.792 25.3043 56.9675 178.146
208 1 0 184 157 226 0 0 118.948 23.6989 55.3105 187.523
209 0.997994 0.00200647 185 148 233 1 0 113.367 24.1734 50.1798 190.702
210 0.997992 0.00200781 187 137 246 1 0 113.904 23.4405 55.0465 168.581
211 0.998006 0.00199424 183 130 259 1 0 115.352 25.4177 55.9811 171.925
212 0.998018 0.00198238 211 130 230 1 0 121.103 24.6203 62.768 187.657
213 0.998001 0.00199933 215 116 242 1 0 118.025 26.1372 42.3999 188.672
214 0.998012 0.00198763 198 122 257 1 0 119.069 26.3315 59.2478 199.47
215 0.99802 0.00197954 209 118 251 1 0 120.451 26.4893 50.61 183.115
216 0.998029 0.00197131 202 121 255 1 0 124.884 27.0877 27.1316 192.432
217 0.997996 0.00200356 201 122 240 1 0 119.306 27.7815 45.4498 179.367
218 0.998005 0.0019949 210 123 229 1 0 117.069 26.1987 54.33 185.464
219 1 0 216 126 224 0 0 120.548 26.3923 46.933 213.825
220 1 0 208 139 213 0 0 118.313 25.2593 44.2329 182.154
221 1 0 210 139 215 0 0 121.631 25.8062 55.0508 200.738
222 1 0 221 146 191 0 0 119.638 26.2088 30.735 203.649
223 1 0 215 147 194 0 0 114.622 25.1258 51.6311 185.775
224 1 0 224 143 194 0 0 116.202 23.68 60.7947 201.968
225 1 0 220 149 202 0 0 121.596 24.0172 59.9135 190.127
226 1 0 223 139 216 0 0 126.641 26.1406 51.9477 196.676
227 1 0 226 137 218 0 0 131.049 27.6297 57.512 223.694
228 1 0 218 134 217 0 0 122.235 28.2442 46.1475 215.818
229 1 0 193 144 231 0 0 116.428 26.943 51.6634 206.969
230 1 0 198 142 227 0 0 115.88 25.0603 54.4199 177.076
231 0.996016 0.00398406 190 140 237 2 0 115.692 26.3886 55.3718 180.95
232 0.996047 0.00395344 188 146 239 2 0 121.558 25.8956 41.5198 218.596
233 0.996051 0.00394867 194 142 235 2 0 120.312 24.7685 56.8049 170.642
234 0.996063 0.00393701 204 132 241 2 0 122.705 27.5531 39.2287 227.707
235 0.996046 0.00395431 206 136 225 2 0 120.715 27.4952 52.8568 197.217
236 0.996029 0.00397132 204 134 224 2 0 118.15 26.831 61.1174 206.33
237 0.996003 0.00399689 203 129 227 2 0 116.171 26.1249 42.1599 188.074
238 0.996054 0.00394564 215 123 239 2 0 120.783 25.8072 43.6829 180.256
239 0.996013 0.00398671 202 131 234 2 0 118.572 25.7061 53.7123 184.116
240 0.99601 0.00399025 206 134 223 2 0 119.444 25.1086 52.1003 204.981
241 1 0 199 139 228 0 0 114.823 23.3686 50.5025 187.097
242 1 0 199 148 216 0 0 118.308 23.2514 52.6456 174.438
243 1 0 210 154 196 0 0 119.919 24.2868 36.156 181.344
244 1 0 200 155 197 0 0 112.708 24.6713 51.988 174.298
245 1 0 197 151 202 0 0 109.496 24.3159 42.7165 165.603
246 1 0 202 148 202 0 0 110.571 24.8511 44.966 170.503
247 1 0 219 145 195 0 0 112.101 24.646 43.7665 165.583
248 1 0 214 138 216 0 0 111.471 26.2826 45.4864 187.359
249 1 0 208 141 218 0 0 113.417 25.0673 42.8661 174.274
250 1 0 210 139 227 0 0 116.693 25.4741 46.1856 179.589
251 1 0 197 136 248 0 0 119.624 25.6813 30.7917 185.435
252 1 0 200 126 260 0 0 124.058 27.2393 46.6942 215.16
253 1 0 196 122 267 0 0 124.202 27.2835 72.1441 177.643
254 1 0 193 120 266 0 0 122.014 25.5493 52.6777 176.629
255 1 0 195 124 259 0 0 126.331 26.6537 53.3482 184.662
256 1 0 206 120 244 0 0 121.73 27.6473 50.8866 184.721
257 1 0 215 115 229 0 0 111.869 24.0384 39.9011 172.067
258 1 0 215 114 231 0 0 112.162 24.5385 26.9985 203.05
259 1 0 219 118 221 0 0 113.013 25.326 35.1569 216.401
260 1 0 219 126 219 0 0 117.303 23.9459 57.11 207.131
261 1 0 217 141 202 0 0 118.611 25.4733 47.6256 175.208
262 1 0 218 145 199 0 0 119.62 25.4996 51.6624 181.568
263 1 0 210 152 196 0 0 117.752 25.8322 57.8696 176.056
264 1 0 210 151 202 0 0 121.585 26.1919 59.1354 179.896
265 1 0 206 163 192 0 0 122.472 27.4515 37.2774 215.796
266 1 0 217 160 181 0 0 122.388 26.5088 54.6704 201.636
267 1 0 211 168 172 0 0 115.645 25.2432 42.2113 206.23
268 1 0 208 167 183 0 0 117.083 24.3982 37.9273 175.743
269 1 0 203 159 206 0 0 116.744 24.8007 39.2392 169.043
270 1 0 203 146 232 0 0 121.018 26.2967 55.7788 195.93
271 1 0 206 143 234 0 0 123.43 26.1406 34.6891 178.437
272 1 0 196 134 258 0 0 123.488 26.2839 40.0846 176.915
273 1 0 191 132 257 0 0 119.708 26.6116 43.5507 185.175
274 1 0 190 126 270 0 0 120.786 25.9505 49.0898 195.882
275 1 0 184 130 266 0 0 122.094 27.7977 56.3541 206.231
276 1 0 179 134 263 0 0 123.724 26.7013 65.9801 188.997
277 1 0 173 137 256 0 0 119.137 28.0903 53.5874 210.916
278 1 0 187 126 250 0 0 113.215 26.562 59.6053 211.161
279 1 0 208 129 229 0 0 116.316 25.4454 28.1262 176.47
280 1 0 199 132 234 0 0 117.465 23.9998 49.7882 186.961
281 0.998023 0.00197694 208 138 220 1 0 120.893 24.7543 43.0454 180.532
282 0.998014 0.00198588 203 141 217 1 0 118.519 24.9647 34.4847 180.932
283 0.998013 0.00198675 211 143 208 1 0 118.46 24.9023 48.1362 196.277
284 0.997995 0.00200535 214 135 208 1 0 115.247 24.454 49.0704 172.235
285 0.997998 0.00200245 210 139 209 1 0 115.22 25.315 54.0259 191.414
286 0.998016 0.00198391 208 144 210 1 0 117.146 24.038 45.8654 188.818
287 0.998014 0.00198632 209 151 202 1 0 117.444 25.2807 50.7666 206.003
288 0.998013 0.00198654 207 146 210 1 0 118.312 24.7321 36.4894 192.695
289 0.998004 0.00199579 189 159 213 1 0 114.939 26.3004 46.8853 185.903
290 0.998022 0.00197802 196 152 222 1 0 119.004 27.3892 46.0624 207.61
291 1 0 186 155 230 0 0 120.389 27.7101 44.7198 217.785
292 1 0 186 153 236 0 0 120.808 25.6611 52.0746 192.308
293 1 0 185 156 231 0 0 121.767 25.6634 50.5396 184.103
294 0.998003 0.00199712 190 146 231 1 0 117.075 26.1152 39.6485 187.145
295 0.99799 0.00201027 182 145 239 1 0 114.069 24.6458 39.6193 171.387
296 0.998008 0.00199203 188 136 253 1 0 117.62 24.7352 55.6081 177.543
297 0.998026 0.00197412 196 134 246 1 0 120.792 26.4326 53.9734 177.456
298 0.998034 0.00196592 194 126 264 1 0 126.459 26.1602 54.9152 183.144
299 0.99805 0.00194953 205 128 250 1 0 129.935 27.1309 53.0649 189.337
300 0.998018 0.00198216 205 123 245 1 0 126.722 27.8544 59.1593 187.297
301 0.997994 0.00200602 208 120 236 1 0 114.176 25.1734 49.5825 178.952
302 0.998019 0.00198063 210 121 237 1 0 118.077 23.8942 46.6184 175.029
303 0.998015 0.001985 213 130 215 1 0 116.389 25.5508 49.9623 178.899
304 1 0 216 128 222 0 0 118.424 25.0287 49.2526 182.406
305 1 0 221 135 204 0 0 116.317 24.1693 53.9525 188.415
306 1 0 209 146 207 0 0 117.503 24.6656 43.6419 181.775
307 1 0 223 147 195 0 0 122.398 25.6505 47.6937 189.997
308 1 0 215 148 203 0 0 124.291 26.3641 53.6998 191.053
309 1 0 214 151 196 0 0 120.554 25.6727 32.7733 179.375
310 1 0 207 153 202 0 0 116.945 24.054 49.4809 171.597
311 1 0 202 163 195 0 0 116.708 24.0774 50.5212 173.626
312 1 0 188 163 207 0 0 113.476 24.464 61.0566 175.625
313 1 0 194 159 207 0 0 110.506 26.2219 43.8016 185.971
314 1 0 193 154 227 0 0 116.609 25.8491 58.4068 200.732
315 1 0 189 149 248 0 0 122.081 27.4163 53.7326 205.856
316 1 0 179 151 250 0 0 121.984 27.2384 60.2592 205.174
317 1 0 178 148 250 0 0 115.852 26.1051 45.4744 200.463
318 1 0 178 140 263 0 0 120.493 26.6905 47.3694 189.239
319 1 0 181 131 270 0 0 118.939 27.0103 52.1197 189.12
320 1 0 174 128 283 0 0 123.689 27.3667 68.1402 198.649
321 1 0 179 115 284 0 0 118.908 27.6073 59.8597 212.502
322 1 0 194 114 266 0 0 118.751 26.1136 59.2623 211.472
323 1 0 209 117 251 0 0 124.183 25.5245 51.3154 202.628
324 1 0 223 111 234 0 0 117.308 25.8166 53.2501 191.916
325 1 0 218 117 227 0 0 114.992 23.5545 53.1098 171.39
326 0.997997 0.00200312 217 117 224 1 0 113.757 24.468 50.1885 190.87
327 0.998011 0.00198873 214 129 212 1 0 116.751 25.3686 48.0768 174.761
328 0.998017 0.00198303 217 138 199 1 0 117.848 25.034 57.4466 188.26
329 0.998034 0.00196614 230 135 199 1 0 121.175 25.6737 47.5556 189.244
330 0.998025 0.00197477 224 150 184 1 0 120.992 25.0953 52.356 188.275
331 0.998019 0.00198063 221 150 185 1 0 118.345 25.9379 43.6207 182.45
332 1 0 218 152 194 0 0 120.724 25.912 45.1127 207.47
333 1 0 219 154 186 0 0 120.087 25.1735 52.2435 204.576
334 1 0 207 158 195 0 0 117.568 25.6598 44.0423 187.445
335 1 0 207 150 206 0 0 115.764 24.6185 44.6976 187.814
336 1 0 196 154 215 0 0 116.104 26.289 52.6945 193.412
337 1 0 196 152 227 0 0 122.957 26.9279 53.142 211.715
338 1 0 214 146 220 0 0 128.647 26.6667 42.7752 203.922
339 1 0 195 150 235 0 0 126.473 27.2304 41.1838 188.191
340 1 0 186 148 236 0 0 118.814 26.3927 37.6214 187.601
341 1 0 181 150 241 0 0 117.359 25.6883 40.2788 181.886
342 1 0 182 147 248 0 0 121.488 27.1004 52.9613 187.391
343 1 0 187 140 250 0 0 121.686 26.5083 52.7194 182.724
344 1 0 202 134 235 0 0 119.855 24.9565 36.0733 181.61
345 1 0 199 131 250 0 0 123.031 26.7891 39.8623 188.27
346 1 0 210 132 237 0 0 126.218 26.702 32.3814 204.482
347 1 0 202 133 233 0 0 121.204 27.7935 50.855 195.088
348 1 0 208 116 246 0 0 115.425 26.1669 57.5978 176.579
349 1 0 204 121 243 0 0 115.321 23.8271 47.1852 189.977
350 1 0 204 121 246 0 0 114.543 26.4563 38.3185 193.604
351 1 0 197 129 241 0 0 112.267 25.459 30.414 187.846
352 1 0 205 131 235 0 0 117.83 26.1629 42.0033 194.073
353 1 0 201 139 230 0 0 122.715 25.8121 48.1298 194.924
354 1 0 200 147 225 0 0 123.405 27.1059 63.4933 207.364
355 1 0 195 146 218 0 0 116.378 27.5414 44.1417 190.62
356 1 0 186 148 227 0 0 115.25 25.543 42.6519 175.248
357 1 0 198 163 192 0 0 115.283 22.8681 52.2742 166.616
358 1 0 199 161 193 0 0 113.578 23.3281 61.0727 179.981
359 1 0 207 160 197 0 0 118.218 23.985 28.1877 177.75
360 1 0 195 160 215 0 0 117.153 24.0957 46.7211 162.998
361 1 0 197 164 212 0 0 121.169 25.1002 39.781 166.411
362 1 0 188 166 222 0 0 124.704 25.8337 44.7557 205.656
363 1 0 191 154 233 0 0 121.73 26.9924 41.7492 205.552
364 1 0 193 151 232 0 0 122.412 27.2581 40.0115 202.849
365 1 0 191 144 243 0 0 122.534 27.6482 68.2872 224.809
366 1 0 179 134 268 0 0 124.461 28.0087 58.4481 181.033
367 1 0 190 128 258 0 0 122.864 25.8549 63.0084 196.068
368 1 0 198 130 243 0 0 118.437 26.4955 47.4985 200.234
369 1 0 218 115 249 0 0 121.381 24.8735 47.7581 176.45
370 1 0 210 118 255 0 0 126.16 26.2367 38.8233 182.535
371 1 0 209 118 248 0 0 123.996 26.4645 52.7679 180.812
372 1 0 216 123 232 0 0 121.947 25.6116 43.7852 183.215
373 1 0 210 121 233 0 0 117.997 25.8444 40.8986 196.362
374 1 0 207 129 229 0 0 115.492 25.5779 38.1629 182.926
375 1 0 215 128 221 0 0 116.476 25.6127 41.8174 192.195
376 0.998031 0.00196937 208 140 216 1 0 121.405 25.7497 36.0236 194.684
377 0.998029 0.00197087 206 142 214 1 0 121.295 24.2443 59.5216 178.493
378 0.996073 0.00392713 216 157 184 2 0 122.708 26.2333 44.6332 184.387
379 0.99604 0.00395996 214 154 185 2 0 119.956 27.2782 41.7163 202.754
380 0.996001 0.00399911 203 160 187 2 0 115.824 25.6024 57.7579 197.385
381 0.993969 0.00603082 202 158 192 3 0 113.178 23.7927 48.4122 172.546
382 0.994026 0.00597411 195 166 199 3 0 116.946 24.539 40.0299 207.818
383 0.992095 0.00790514 197 163 211 4 0 120.376 25.6977 47.026 184.938
384 0.99211 0.00789041 196 162 213 4 0 121.606 26.7263 52.1681 184.596
385 0.992069 0.00793126 190 147 240 4 0 121.569 26.974 50.8055 188.722
386 0.993977 0.00602275 175 155 237 3 0 116.076 26.0982 51.8648 171.724
387 0.993951 0.00604906 164 144 262 3 0 113.785 23.4487 55.3317 186.813
388 0.996009 0.00399069 162 146 266 2 0 117.066 24.361 54.8483 181.552
389 0.99603 0.00396957 170 138 272 2 0 120.875 25.8279 60.3012 175.566
390 0.996051 0.00394867 174 138 270 2 0 126.164 26.4074 52.977 188.757
391 0.998015 0.00198478 181 125 279 1 0 122.82 25.0194 61.4662 182.176
392 0.99801 0.00199049 184 131 263 1 0 122.274 25.6791 56.5836 181.423
393 1 0 186 131 254 0 0 117.23 26.0843 46.2396 192.876
394 1 0 197 137 232 0 0 119.273 25.3615 41.9868 198.844
395 1 0 199 128 242 0 0 120.26 24.8726 44.0529 204.123
396 1 0 212 122 227 0 0 116.929 24.5377 54.9848 215.033
397 1 0 217 120 224 0 0 115.969 24.2703 52.0177 185.722
398 1 0 230 121 212 0 0 119.789 24.6793 58.7896 183.291
399 1 0 232 119 217 0 0 121.73 26.6042 45.0574 186.225
400 1 0 231 135 202 0 0 125.038 25.8929 52.3708 189.515
401 1 0 218 136 208 0 0 114.941 25.5839 26.2901 186.001
402 1 0 213 142 213 0 0 115.975 24.1599 44.5911 173.847
403 1 0 206 145 222 0 0 122.031 24.7605 60.0062 181.565
404 1 0 215 138 217 0 0 121.653 25.1285 46.2802 183.343
405 1 0 214 144 213 0 0 125.111 25.2395 44.484 186.593
406 1 0 211 141 207 0 0 118.589 25.8469 51.4821 177.845
407 1 0 201 152 207 0 0 118.084 24.9559 48.3497 180.906
408 0.998017 0.00198325 207 148 205 1 0 118.48 24.4807 42.4113 185.776
409 0.997999 0.00200111 201 135 230 1 0 116.137 26.6074 38.4994 195.563
410 0.998003 0.00199667 215 135 217 1 0 116.777 25.2128 49.0301 197.904
411 0.997983 0.00201658 210 134 219 1 0 112.545 25.4059 40.3616 194.019
412 0.998017 0.00198325 206 139 227 1 0 118.625 25.958 49.3961 197.424
413 0.99802 0.00197976 205 145 218 1 0 119.712 27.0035 37.8417 194.794
414 0.998045 0.00195461 212 135 230 1 0 124.071 26.1011 33.319 188.752
415 0.998033 0.00196678 190 146 237 1 0 123.286 26.3328 59.8692 194.544
416 0.996014 0.00398583 183 138 248 2 0 117.986 26.6215 44.1515 177.679
417 0.998014 0.00198632 188 138 242 1 0 118.278 26.1467 59.1094 181.174
418 0.998029 0.00197131 212 137 220 1 0 122.55 28.0846 49.3293 195.821
419 0.998018 0.00198238 202 150 209 1 0 120.736 27.5177 54.4324 187.668
420 0.998029 0.00197066 208 147 213 1 0 122.073 26.997 55.6619 192.148
421 0.997995 0.00200535 210 134 218 1 0 115.822 24.906 46.9207 198.898
422 0.998017 0.00198347 195 140 235 1 0 119.942 25.2247 48.4478 191.058
423 0.998014 0.00198588 198 146 218 1 0 120.452 25.8591 54.4605 191.972
424 0.998005 0.00199512 202 137 228 1 0 118.276 24.2897 44.7801 191.686
425 1 0 216 135 216 0 0 116.666 24.4714 44.7629 181.626
426 1 0 209 140 223 0 0 119.846 24.5544 49.1085 176.976
427 1 0 209 142 226 0 0 125.913 24.6955 54.2536 186.833
428 1 0 204 133 246 0 0 128.072 25.9883 57.2448 191.669
429 1 0 202 135 235 0 0 121.831 26.5655 54.0087 197.664
430 1 0 205 139 223 0 0 120.797 25.6109 45.7693 191.646
431 1 0 204 138 224 0 0 118.29 25.6572 41.2935 177.964
432 0.99802 0.0019802 194 140 235 1 0 120.308 26.8172 52.1869 187.447
433 0.998023 0.00197737 201 148 220 1 0 123.12 27.0039 52.0937 186.551
434 0.998023 0.00197715 208 145 213 1 0 121.003 25.3145 40.4154 192.996
435 0.998024 0.00197607 197 146 228 1 0 119.465 25.1289 59.9516 173.767
436 0.998012 0.00198829 190 147 231 1 0 118.073 25.1714 45.87 179.734
437 0.996006 0.00399379 205 143 213 2 0 117.875 26.0922 49.9839 180.348
438 0.995956 0.00404404 198 139 219 2 0 111.327 25.6518 30.8935 182.287
439 0.995953 0.00404676 191 138 229 2 0 109.437 22.6044 31.2888 182.31
440 0.996022 0.0039779 198 138 234 2 0 116.041 24.5885 53.3116 181.78
441 0.996037 0.00396258 199 139 233 2 0 120.037 26.5667 55.2589 176.63
442 0.998008 0.00199181 200 133 241 1 0 118.735 25.675 49.8958 171.273
443 0.998004 0.00199557 195 135 237 1 0 116.469 25.6915 48.9979 195.536
444 0.998013 0.00198741 202 132 237 1 0 119.326 25.069 39.6438 192.236
445 0.998002 0.00199778 209 125 239 1 0 118.003 25.2715 43.7052 181.644
446 0.998009 0.00199137 195 136 237 1 0 119.831 25.9873 46.2643 183.529
447 1 0 186 145 240 0 0 122.294 27.2635 51.403 187.983
448 1 0 192 139 239 0 0 119.392 26.6049 52.5966 196.576
449 1 0 203 140 232 0 0 123.951 25.1845 51.9152 183.631
450 1 0 198 139 236 0 0 121.431 27.372 36.9035 183.542
451 1 0 211 145 220 0 0 126.382 25.8716 60.3078 202.274
452 1 0 200 148 220 0 0 121.148 26.3209 53.3444 191.535
453 1 0 199 147 218 0 0 118.205 26.8963 53.9222 186.228
454 1 0 193 159 206 0 0 117.929 27.2619 27.1492 183.633
455 1 0 181 161 221 0 0 117.413 25.3717 27.4522 164.277
456 1 0 188 152 232 0 0 120.619 26.4192 32.5851 183.466
457 1 0 198 150 222 0 0 120.6 25.2806 36.9576 190.371
458 1 0 214 137 224 0 0 121.743 26.0397 52.1823 179.979
459 1 0 211 136 231 0 0 123.084 27.32 50.0099 181.502
460 1 0 213 128 242 0 0 124.537 26.1552 55.9764 204.819
461 1 0 193 139 242 0 0 119.266 26.1736 47.4184 187.146
462 1 0 189 144 239 0 0 120.362 26.6564 49.1218 190.376
463 0.998005 0.00199512 177 144 249 1 0 118.75 25.0147 44.5004 191.23
464 0.998009 0.00199115 180 142 250 1 0 117.822 26.4639 59.7087 196.275
465 0.998 0.002 192 139 235 1 0 115.75 26.4074 56.4306 179.421
466 0.997997 0.00200267 185 142 234 1 0 115.181 25.597 43.1156 170.16
467 0.998014 0.00198566 193 152 213 1 0 118.049 25.1869 43.9153 168.465
468 0.998013 0.00198675 193 150 219 1 0 116.641 25.5239 43.9302 197.665
469 0.998013 0.00198675 209 151 202 1 0 117.13 23.4215 16.7945 195.292
470 0.998027 0.00197347 202 146 225 1 0 121.51 27.6577 47.2961 190.611
471 0.998008 0.00199203 193 144 233 1 0 118.027 24.9412 48.3305 173.767
472 0.998023 0.0019765 190 151 237 1 0 121.307 25.2731 56.1817 213.712
473 1 0 196 145 239 0 0 122.653 25.0688 49.9659 178.966
474 1 0 192 149 233 0 0 122.006 26.1285 55.7823 185.847
475 1 0 192 147 234 0 0 120.948 28.7838 45.6252 203.115
476 1 0 182 142 254 0 0 122.831 28.0293 51.4157 214.214
477 1 0 187 144 244 0 0 123.702 27.6943 43.4185 190.459
478 1 0 184 146 238 0 0 118.484 27.2489 43.9304 181.979
479 1 0 190 147 234 0 0 119.416 25.0355 64.2029 179.409
480 1 0 183 152 236 0 0 120.843 26.155 46.785 198.06
481 1 0 188 142 251 0 0 122.151 25.6253 54.264 184.161
482 1 0 188 149 244 0 0 124.841 25.5118 39.3416 190.409
483 1 0 185 150 245 0 0 125.17 26.0944 36.8474 186.181
484 1 0 185 153 243 0 0 128.673 26.7751 63.7799 187.351
485 1 0 179 155 235 0 0 121.704 27.518 45.1828 185.548
486 1 0 185 148 240 0 0 122.719 27.2281 43.174 185.145
487 1 0 182 145 244 0 0 118.729 26.4168 54.3133 179.511
488 1 0 188 140 243 0 0 119.236 25.5771 52.2789 183.038
489 1 0 185 139 247 0 0 119.288 24.8109 40.1999 188.789
490 1 0 206 135 232 0 0 119.514 25.6909 45.0422 206.223
491 1 0 203 133 245 0 0 125.076 26.1646 39.6217 184.831
492 1 0 193 140 248 0 0 122.184 25.4923 37.756 180.839
493 1 0 193 142 252 0 0 126.233 26.0526 65.0345 185.506
494 1 0 189 136 259 0 0 126.337 27.0377 53.2088 192.914
495 1 0 192 141 245 0 0 127.006 27.9649 59.0479 189.593
496 1 0 192 135 238 0 0 118.893 28.4822 46.5221 190.206
497 1 0 199 135 229 0 0 120.066 27.6498 42.4176 184.163
498 1 0 200 129 231 0 0 117.023 27.4066 36.2628 186.096
499 0.998007 0.00199269 208 129 224 1 0 118.187 25.687 51.4199 178.738
500 0.998019 0.00198129 215 135 213 1 0 119.679 24.7486 55.0673 176.52
501 0.998006 0.00199446 199 149 214 1 0 117.284 25.3748 64.3439 211.665
502 0.998017 0.00198282 201 158 206 1 0 118.777 24.794 49.5471 181.203
503 0.998027 0.00197347 193 167 210 1 0 120.651 26.2118 46.8108 174.809
504 0.998039 0.00196121 197 161 215 1 0 124.132 25.2839 61.2313 180.365
505 0.998038 0.00196228 188 160 229 1 0 125.793 26.8291 54.8266 188.065
506 0.998038 0.00196164 190 158 225 1 0 125.276 28.1349 59.1866 191.835
507 0.998011 0.00198917 184 161 219 1 0 118.644 28.1796 45.9822 185.449
508 0.998013 0.00198697 177 163 223 1 0 119.251 25.1164 43.9828 177.206
509 1 0 173 165 233 0 0 117.869 25.1257 57.4128 187.304
510 1 0 177 152 255 0 0 120.243 27.7247 36.372 196.372
511 1 0 181 140 271 0 0 123.037 26.7645 65.9755 182.096
512 1 0 189 122 284 0 0 122.436 26.4803 51.0701 194.903
513 1 0 200 120 271 0 0 126.933 27.1821 44.351 187.867
514 1 0 203 121 263 0 0 127.508 26.2846 57.3718 188.558
515 1 0 187 131 262 0 0 126.216 27.4807 42.7456 190.758
516 1 0 184 129 257 0 0 120.125 27.2173 54.4625 175.612
517 1 0 185 126 253 0 0 116.358 26.0615 36.4764 185.683
518 1 0 190 126 250 0 0 115.572 25.3444 41.993 200.622
519 1 0 210 128 231 0 0 120.351 24.4167 34.2265 182.806
520 1 0 222 131 212 0 0 120.841 24.4359 34.3829 175.799
521 1 0 220 142 193 0 0 117.113 24.4373 60.9745 199.17
522 1 0 203 155 190 0 0 111.307 23.9422 43.1793 174.993
523 1 0 191 163 192 0 0 106.621 23.5427 32.5876 182.374
524 1 0 186 162 204 0 0 106.187 24.9251 43.44 185.032
525 1 0 186 166 208 0 0 113.02 24.925 52.8278 209.072
526 1 0 180 175 205 0 0 115.71 25.0389 53.1663 177.568
527 1 0 198 166 207 0 0 120.39 24.5195 50.4945 176.693
528 1 0 194 166 215 0 0 121.445 25.7115 60.9595 188.027
529 1 0 188 167 219 0 0 121.317 26.6883 51.4293 191.152
530 1 0 174 163 236 0 0 117.011 27.7956 51.2859 176.314
531 1 0 155 159 266 0 0 117.398 27.2695 41.0763 169.188
532 1 0 160 147 280 0 0 121.276 27.5883 43.3814 201.733
533 1 0 181 135 267 0 0 119.976 26.4215 41.6075 210.128
534 1 0 185 133 262 0 0 119.537 25.6882 56.8629 181.514
535 1 0 180 121 288 0 0 121.255 27.0732 43.9122 202.651
536 1 0 189 126 261 0 0 120.305 26.5271 30.2805 191.374
537 1 0 190 120 264 0 0 116.674 26.5243 48.351 180.406
538 1 0 197 118 256 0 0 117.502 24.6617 52.1755 180.547
539 1 0 200 112 258 0 0 116.576 26.495 44.6037 175.952
540 1 0 207 117 251 0 0 122.113 25.8893 54.5236 186.183
541 1 0 218 122 230 0 0 123.025 28.7682 50.2038 182.958
542 1 0 219 135 204 0 0 121.875 25.9401 53.6937 179.473
543 1 0 219 132 203 0 0 117.999 25.1569 49.9692 197.537
544 1 0 233 142 175 0 0 115.072 23.7894 54.5275 184.311
545 1 0 216 150 187 0 0 114.816 23.2279 49.958 182.427
546 0.998004 0.00199557 207 164 182 1 0 112.841 23.6421 56.4766 160.757
547 0.998008 0.00199247 206 166 183 1 0 113.049 24.1503 54.5296 170.678
548 0.998013 0.00198741 207 161 192 1 0 115.735 25.3476 46.1833 187.415
549 0.998017 0.00198325 213 155 200 1 0 118.851 25.3891 43.9712 191.681
550 0.998023 0.00197672 206 159 206 1 0 121.659 26.4197 33.097 214.44
551 0.998029 0.00197087 191 156 228 1 0 123.537 24.9508 38.0579 199.77
552 0.998009 0.00199137 183 159 225 1 0 118.531 25.8296 45.5113 182.029
553 0.998013 0.00198675 181 149 246 1 0 118.823 25.359 47.7099 199.647
554 0.99802 0.00197976 191 136 254 1 0 120.833 25.2721 52.455 179.497
555 0.997994 0.00200602 184 126 272 1 0 117.939 27.162 57.5401 180.727
556 1 0 181 124 274 0 0 114.097 27.0333 50.7519 191.041
557 1 0 184 128 265 0 0 119.355 26.752 53.954 193.008
558 1 0 189 129 252 0 0 116.638 26.1715 41.9354 179.014
559 1 0 192 126 251 0 0 116.928 25.3785 51.5288 181.282
560 1 0 200 126 242 0 0 118.085 25.9068 42.1252 192.939
561 1 0 195 130 245 0 0 122.965 27.5355 40.9515 203.686
562 1 0 206 136 232 0 0 128.413 27.4663 52.7266 197.643
563 0.998025 0.0019752 207 149 202 1 0 121.107 28.6947 41.4535 192.18
564 0.99802 0.0019802 224 145 192 1 0 119.846 27.4993 30.9955 189.637
565 0.998009 0.00199093 219 149 190 1 0 117.972 26.5782 49.3894 200.806
566 0.998002 0.00199756 200 155 203 1 0 114.626 25.2332 52.7427 203.237
567 0.998002 0.00199756 182 165 213 1 0 114.994 24.156 55.3429 187.871
568 0.998023 0.00197694 196 159 211 1 0 119.583 24.9702 53.0419 183.33
569 0.998024 0.00197628 192 165 210 1 0 119.557 24.9493 56.5703 189.664
570 0.998 0.00200044 194 157 212 1 0 114.943 26.3994 49.153 183.826
571 0.997996 0.00200445 193 153 217 1 0 112.99 23.6566 43.0982 183.557
572 0.998007 0.00199336 190 139 246 1 0 116.133 24.6385 52.0861 198.188
573 1 0 195 143 239 0 0 119.701 26.5812 55.4594 187.366
574 1 0 191 134 253 0 0 120.358 25.221 64.393 188.692
575 1 0 190 129 259 0 0 118.412 24.8551 54.9351 171.308
576 1 0 187 124 272 0 0 119.129 24.7467 55.0488 178.794
577 1 0 191 128 257 0 0 119.432 25.9309 32.2441 180.227
578 1 0 188 129 258 0 0 122.106 26.0342 50.2078 190.115
579 1 0 191 133 244 0 0 119.808 26.3414 33.8407 181.233
580 1 0 188 134 238 0 0 115.736 24.1147 43.3728 176.805
581 1 0 197 145 218 0 0 117.934 25.6603 48.4953 190.306
582 1 0 198 139 222 0 0 111.658 24.8647 39.0004 178.912
583 1 0 209 136 216 0 0 114.027 25.4493 47.3163 186.092
584 1 0 208 142 214 0 0 116.401 26.2805 57.0286 187.57
585 1 0 215 142 206 0 0 116.987 26.2394 49.4378 187.088
586 0.998011 0.00198873 205 146 215 1 0 116.976 27.3635 50.8796 179.422
587 0.998013 0.00198675 200 153 214 1 0 117.39 27.5397 52.9942 181.699
588 0.997999 0.00200089 187 152 226 1 0 115.926 26.5618 43.3012 179.653
589 0.998023 0.00197715 194 143 238 1 0 121.593 25.7869 51.5145 213.98
590 0.998029 0.00197109 191 136 252 1 0 123.756 26.537 49.6306 212.061
591 0.998028 0.00197174 203 133 239 1 0 125.946 27.2262 61.292 202.024
592 0.99801 0.00199005 197 138 228 1 0 118.698 27.1031 43.4189 198.85
593 0.998011 0.00198851 190 142 236 1 0 118.516 24.5981 38.3868 183.879
594 0.998023 0.00197737 192 142 237 1 0 121.123 25.155 41.2713 196.556
595 0.998016 0.00198369 195 140 235 1 0 122.102 26.431 53.5646 189.444
596 1 0 203 133 239 0 0 121.411 25.8809 60.4753 184.618
597 1 0 205 133 240 0 0 123.778 27.0745 56.1699 190.749
598 0.998037 0.00196314 202 147 222 1 0 124.678 26.6701 61.4383 180.773
599 0.99802 0.00198042 199 151 216 1 0 119.813 27.6497 43.7734 201.806
600 0.998017 0.0019826 197 154 212 1 0 119.432 27.161 35.9938 199.452
601 0.998006 0.00199358 177 159 229 1 0 117.398 27.5925 58.6229 187.258
602 0.998001 0.00199867 187 149 234 1 0 118.281 26.6444 41.277 179.135
603 0.996009 0.00399069 189 145 234 2 0 118.268 23.0038 65.0443 168.449
604 0.996057 0.00394304 201 136 238 2 0 123.709 25.9537 64.0186 185.13
605 0.996051 0.0039491 206 134 231 2 0 121.457 28.6106 41.5478 192.06
606 0.996015 0.00398495 208 129 231 2 0 119.611 26.1244 53.7605 187.333
607 0.996044 0.00395648 207 119 252 2 0 121.253 26.3403 46.5277 216.241
608 0.998017 0.00198325 213 113 248 1 0 121.341 25.8855 55.3542 213.878
609 0.998034 0.00196571 208 124 243 1 0 123.753 26.5393 57.1168 186.937
610 0.998013 0.00198719 203 117 253 1 0 119.242 24.3604 50.2879 177.479
611 0.998007 0.00199291 215 121 231 1 0 117.002 24.6269 43.1049 183.213
612 0.998001 0.00199911 216 117 231 1 0 116.209 26.4202 30.4117 218.844
613 1 0 219 130 211 0 0 118.128 26.8397 34.6697 201.522
614 1 0 206 140 210 0 0 116.695 26.0795 24.9323 202.098
615 1 0 209 140 206 0 0 116.347 25.9749 32.2228 188.448
616 1 0 216 148 187 0 0 114.171 25.1314 35.7447 186.361
617 0.998018 0.00198238 210 153 191 1 0 117.108 25.1096 38.9184 189.032
618 0.99801 0.00199005 213 143 203 1 0 116.294 24.0171 53.7634 178.812
619 0.998029 0.00197066 228 145 192 1 0 119.33 23.7859 52.7317 181.508
620 0.99802 0.0019802 220 147 198 1 0 120.161 24.8013 56.5115 179.763
621 0.996021 0.00397922 218 149 194 2 0 117.591 24.9289 42.6779 201.152
622 0.996031 0.00396869 206 146 215 2 0 116.716 24.5462 46.5609 181.073
623 0.996006 0.00399379 199 145 224 2 0 115.518 26.708 47.0377 201.47
624 0.996023 0.00397746 186 153 230 2 0 116.641 25.5083 46.032 186.047
625 0.996008 0.00399202 174 156 239 2 0 117.456 26.2424 39.9865 186.445
626 0.99603 0.00396957 176 153 241 2 0 118.494 26.1534 38.8685 181.959
627 0.998027 0.00197347 186 156 229 1 0 120.828 25.0231 40.4955 195.686
628 0.998015 0.00198478 183 158 226 1 0 120.64 25.5527 61.4972 180.278
629 0.997999 0.00200089 190 149 225 1 0 117.499 24.5105 53.093 188.506
630 0.998003 0.00199689 184 144 238 1 0 115.791 23.7246 49.4643 183.396
631 1 0 184 155 227 0 0 115.349 25.3971 32.0585 165.756
632 1 0 196 155 224 0 0 122.018 26.2369 49.3522 202.025
633 1 0 197 144 242 0 0 128.325 28.9102 62.9957 199.463
634 1 0 202 142 242 0 0 127.714 28.1359 22.1016 194.325
635 1 0 182 155 241 0 0 125.066 27.9535 30.5953 186.784
636 1 0 186 148 245 0 0 123.463 26.574 21.6928 186.456
637 1 0 184 140 250 0 0 119.009 26.0907 49.6276 180.529
638 1 0 188 143 244 0 0 121.964 25.3279 55.7894 193.913
639 1 0 195 138 240 0 0 120.986 27.4645 42.6239 190.297
640 1 0 194 128 254 0 0 119.173 26.4276 42.2497 182.572
641 1 0 189 129 257 0 0 118.341 26.5207 50.6527 191.122
642 1 0 200 134 245 0 0 125.512 27.5939 55.1371 187.558
643 1 0 198 136 248 0 0 129.329 27.9981 60.556 219.136
644 1 0 186 135 259 0 0 123.532 26.0205 51.8981 190.843
645 1 0 190 143 240 0 0 120.224 26.3611 56.8415 206.881
646 1 0 198 144 228 0 0 118.525 27.1468 52.7937 179.996
647 1 0 198 142 229 0 0 116.78 25.9341 51.4515 177.827
648 1 0 196 142 236 0 0 122.699 26.7927 61.1742 180.293
649 1 0 208 145 221 0 0 128.134 25.6991 47.8513 205.389
650 1 0 200 154 212 0 0 124.803 24.9667 48.1991 190.639
651 1 0 193 156 210 0 0 116.947 25.8383 49.3102 174.837
652 1 0 192 145 230 0 0 114.923 24.1331 54.5382 169.455
653 1 0 204 142 223 0 0 115.558 24.1191 44.4056 197.781
654 1 0 197 146 226 0 0 116.961 24.0346 42.6168 184.707
655 1 0 198 147 228 0 0 120.35 24.3884 33.0935 224.142
656 1 0 204 146 216 0 0 117.007 24.5421 61.137 218.965
657 1 0 204 151 216 0 0 123.023 25.8806 36.1624 195.982
658 1 0 174 166 233 0 0 123.916 26.2003 59.7934 179.361
659 1 0 175 156 251 0 0 125.855 26.6942 61.6218 197.004
660 1 0 171 148 256 0 0 120.234 26.4375 43.4645 183.034
661 1 0 187 145 245 0 0 121.679 26.8727 16.3658 176.159
662 1 0 190 145 239 0 0 120.053 27.1423 49.9343 202.426
663 1 0 183 147 241 0 0 115.352 27.7035 56.5296 181.364
664 1 0 183 144 242 0 0 115.218 25.715 45.6541 191.25
665 1 0 173 152 241 0 0 115.655 27.0014 51.1534 182.816
666 1 0 165 152 248 0 0 116.037 28.7619 40.6812 202.002
667 1 0 174 136 264 0 0 116.949 28.2036 52.3028 196.304
668 1 0 179 143 241 0 0 116.452 28.2315 38.6736 195.682
669 1 0 190 138 229 0 0 110.38 25.4038 26.5151 183.03
670 1 0 198 143 219 0 0 113.092 24.9893 31.9296 187.75
671 1 0 202 146 220 0 0 120.533 24.3332 51.3535 194.438
672 1 0 204 148 219 0 0 123.107 25.2667 40.5148 191.879
673 1 0 207 146 217 0 0 121.785 25.3074 39.3261 173.326
674 1 0 187 147 235 0 0 116.156 25.4906 22.7383 186.863
675 1 0 176 152 242 0 0 117.081 25.807 47.8838 184.986
676 1 0 199 154 225 0 0 123.96 26.5264 42.1592 183.379
677 1 0 193 151 230 0 0 122.824 25.967 51.4054 204.949
678 1 0 195 142 231 0 0 119.68 26.9506 46.2044 189.563
679 0.998 0.002 195 136 236 1 0 115.872 24.7027 61.7481 180.658
680 0.998013 0.00198675 198 138 231 1 0 117.593 24.8728 28.2953 200.587
681 0.998011 0.00198895 203 135 230 1 0 117.134 25.6855 56.9419 198.776
682 0.998003 0.00199734 195 139 232 1 0 114.902 25.6844 49.5524 190.684
683 0.998 0.00200044 202 132 235 1 0 116.464 26.8332 37.5569 182.343
684 0.997995 0.0020049 199 127 248 1 0 115.133 26.0206 49.2815 196.877
685 0.998004 0.00199579 192 133 248 1 0 115.607 26.897 44.6375 197.902
686 0.998006 0.00199446 189 136 245 1 0 118.529 26.2342 45.2685 178.657
687 0.997998 0.00200222 190 132 243 1 0 117.122 24.2931 56.2001 167.904
688 0.998019 0.00198129 200 135 231 1 0 120.735 23.8078 47.336 192.821
689 1 0 196 148 223 0 0 124.039 24.6207 61.7505 185.654
690 1 0 205 147 209 0 0 121.475 27.5253 36.0442 223.782
691 1 0 200 151 215 0 0 121.888 26.1077 51.148 209.514
692 1 0 199 156 201 0 0 115.884 25.5697 44.4947 167.151
693 1 0 217 149 198 0 0 116.517 23.0718 34.7891 170.401
694 1 0 206 154 216 0 0 120.705 24.5028 48.9135 175.919
695 1 0 195 161 221 0 0 123.631 25.0616 58.7867 186.953
696 1 0 189 165 218 0 0 122.791 25.8864 57.6591 200.38
697 1 0 181 165 223 0 0 120.403 26.3812 57.6588 187.18
698 1 0 173 164 242 0 0 125.222 23.7439 68.8369 182.953
699 1 0 165 164 241 0 0 118.951 24.3906 27.213 182.456
700 1 0 169 165 237 0 0 115.742 25.7669 49.6138 217.159
701 1 0 173 152 252 0 0 117.459 25.6278 44.869 172.847
702 1 0 174 159 244 0 0 122.451 24.3433 48.5392 176.789
703 1 0 181 156 245 0 0 123.565 26.7191 41.5767 212.317
704 1 0 180 144 254 0 0 118.974 27.7303 40.1144 210.032
705 1 0 180 137 261 0 0 116.823 25.3444 41.533 176.255
706 1 0 178 130 277 0 0 121.315 26.9658 47.9618 193.616
707 1 0 186 120 277 0 0 119.182 26.8688 37.8626 191.176
708 1 0 188 118 277 0 0 121.738 27.2017 57.109 178.358
709 1 0 199 112 265 0 0 117.588 26.5183 55.6338 191.353
710 1 0 213 119 243 0 0 123.092 25.99 51.8005 193.282
711 1 0 212 107 259 0 0 122.759 26.0143 56.1216 178.682
712 1 0 224 102 254 0 0 124.597 26.1235 52.3053 190.682
713 1 0 230 105 239 0 0 124.798 26.7674 53.9499 194.134
714 1 0 233 110 223 0 0 122.733 26.5731 58.9966 188.343
715 1 0 234 117 205 0 0 118.632 24.8128 56.0967 179.989
716 1 0 237 121 192 0 0 114.252 24.1286 50.7344 181.591
717 1 0 234 130 186 0 0 112.934 25.0186 45.9271 217.177
718 1 0 229 140 183 0 0 114.252 23.2895 53.8779 186.824
719 1 0 223 143 189 0 0 114.826 23.9912 34.9011 178.947
720 1 0 219 152 183 0 0 115.589 24.6577 34.8107 200.795
721 1 0 216 163 171 0 0 113.237 23.3243 41.4541 171.115
722 1 0 215 163 182 0 0 115.301 23.0762 56.0128 173.928
723 1 0 201 169 188 0 0 113.982 24.6821 56.2209 190.457
724 1 0 194 171 203 0 0 117.835 24.5599 55.3529 172.113
725 1 0 181 178 215 0 0 122.436 23.8459 64.4434 171.312
726 1 0 173 177 228 0 0 124.832 25.8715 71.4629 182.623
727 1 0 167 170 242 0 0 118.756 26.1549 61.3719 186.207
728 1 0 171 163 246 0 0 120.135 25.0247 51.9059 180.764
729 1 0 170 160 257 0 0 123.867 25.9352 64.7295 183.64
730 1 0 163 146 279 0 0 121.56 25.5505 55.6296 190.801
731 1 0 169 138 279 0 0 119.947 24.7281 51.7358 182.93
732 1 0 171 130 284 0 0 122.155 26.3988 51.9454 180.19
733 1 0 179 123 284 0 0 123.411 26.6584 42.8889 185.442
734 1 0 177 130 274 0 0 119.969 27.0013 41.6835 188.068
735 1 0 186 122 271 0 0 122.043 30.4347 47.1547 229.959
736 1 0 198 119 259 0 0 123.33 27.8031 46.1664 196.186
737 1 0 199 127 248 0 0 122.306 26.6113 50.2389 184.615
738 1 0 201 130 244 0 0 125.5 27.6096 48.8016 197.029
739 0.998031 0.00196872 212 131 226 1 0 125.119 27.161 55.607 185.434
740 0.998011 0.00198873 212 135 211 1 0 118.362 25.1992 47.8224 176.833
741 0.998021 0.00197867 211 140 206 1 0 118.322 25.3848 43.6094 186.494
742 0.998023 0.0019765 224 133 205 1 0 119.328 25.6695 40.0884 200.22
743 0.998019 0.00198063 216 133 222 1 0 119.647 26.6285 24.8923 185.778
744 0.998043 0.00195716 215 148 206 1 0 125.48 25.8303 55.1813 193.225
745 0.998025 0.0019752 220 145 195 1 0 122.133 26.5456 41.3461 190.078
746 0.997998 0.00200222 208 151 197 1 0 116.288 25.598 38.6225 177.666
747 0.998011 0.00198851 212 148 203 1 0 116.011 24.8539 42.2117 168.086
748 0.998017 0.0019826 209 148 208 1 0 116.712 26.4826 40.1972 183.863
749 1 0 194 147 227 0 0 117.444 26.6816 40.8031 179.765
750 1 0 191 145 230 0 0 118.451 25.5683 41.7146 180.918
751 1 0 206 145 216 0 0 122.743 25.4973 55.8585 190.87
752 1 0 222 135 216 0 0 122.841 27.5086 51.437 183.304
753 1 0 201 134 239 0 0 117.145 26.2932 48.2335 185.286
754 1 0 175 147 247 0 0 113.784 24.9868 55.8699 167.093
755 1 0 178 141 255 0 0 114.111 23.3607 57.0493 180.41
756 1 0 183 144 248 0 0 117.586 23.3632 49.5346 161.178
757 1 0 187 140 243 0 0 116.988 23.6368 47.8764 187.692
758 1 0 196 138 235 0 0 117.265 23.7713 52.2087 180.207
759 1 0 199 135 232 0 0 117.832 25.3618 43.06 187.845
760 1 0 194 139 237 0 0 123.16 26.1105 53.0761 194.302
761 1 0 207 133 224 0 0 122.125 27.8912 54.2962 184.698
762 1 0 221 126 216 0 0 118.073 26.7934 56.2532 187.565
763 1 0 217 115 236 0 0 114.144 25.8294 49.0532 190.849
764 1 0 229 112 231 0 0 113.327 24.5974 59.3894 170.232
765 1 0 227 118 232 0 0 116.709 25.2777 53.6262 178.054
766 1 0 208 137 235 0 0 124.138 27.0084 60.4715 194.988
767 1 0 196 145 235 0 0 124.959 26.5165 42.3111 197.326
768 1 0 187 153 227 0 0 121.276 26.0546 44.8157 194.229
769 1 0 184 152 234 0 0 123.725 26.8734 55.3678 188.411
770 1 0 180 159 215 0 0 116.184 26.7111 31.1802 188.214
771 1 0 189 156 203 0 0 113.761 26.2948 51.9538 191.362
772 1 0 208 154 188 0 0 114.144 26.0594 55.6249 197.191
773 1 0 213 159 182 0 0 116.149 26.3051 35.6074 231.357
774 1 0 211 159 196 0 0 117.647 26.2574 55.7431 197.648
775 0.998033 0.00196657 204 158 216 1 0 121.313 25.3926 54.9432 187.386
776 0.998023 0.00197694 195 152 235 1 0 123.263 24.1793 63.6818 187.384
777 0.998053 0.00194679 184 161 246 1 0 129.401 25.662 66.7932 188.785
778 0.998038 0.00196185 185 155 247 1 0 126.831 25.0329 55.1956 179.125
779 1 0 170 142 274 0 0 121.974 26.9749 53.2589 177.992
780 1 0 162 150 268 0 0 124.484 26.5512 58.8727 174.793
781 1 0 162 146 270 0 0 122.761 28.5043 49.8332 188.423
782 1 0 160 149 266 0 0 123.423 26.5403 52.2224 195.458
783 1 0 188 134 258 0 0 124.948 26.2237 52.8281 180.722
784 1 0 207 122 243 0 0 117.882 23.6473 62.0027 175.323
785 1 0 215 117 238 0 0 118.185 25.0816 37.9686 173.364
786 1 0 209 119 247 0 0 117.945 26.6905 59.7903 187.376
787 1 0 205 131 240 0 0 122.376 25.3084 72.2398 180.478
788 1 0 199 144 224 0 0 121.271 25.7328 42.991 189.572
789 1 0 196 142 228 0 0 120.241 25.8432 59.6337 183.058
790 0.998007 0.00199336 199 142 223 1 0 116.605 24.5306 57.1272 184.909
791 1 0 195 144 228 0 0 119.418 24.5097 59.2591 177.156
792 1 0 200 146 215 0 0 119.771 23.1703 57.4525 175.862
793 1 0 211 150 194 0 0 115.655 24.3079 40.9127 179.222
794 1 0 208 152 192 0 0 112.627 25.6495 35.8571 183.883
795 1 0 219 143 201 0 0 114.368 26.1044 49.3402 184.225
796 1 0 206 142 222 0 0 114.72 23.9113 37.1622 192.518
797 1 0 194 140 249 0 0 118.639 25.0564 56.1643 183.358
798 1 0 192 142 243 0 0 121.62 26.0924 57.5636 193.753
799 1 0 193 137 249 0 0 122.03 28.0178 53.8922 191.878
800 1 0 193 141 244 0 0 121.898 26.5167 42.2742 182.575
