0 0.0174229 0 6 1 0 0 0 0.00103892 0.00119965 0 0.00242468
1 0.0174229 0 5 2 0 0 0 0.000128899 0.00014884 0 0.000300947
2 0.0174229 0 5 2 0 0 0 0.000122054 0.000140936 0 0.000284962
3 0.0174229 0 5 2 0 0 0 0.000115746 0.000133652 0 0.000270228
4 0.0174229 0 2 5 0 0 0 0.000109917 0.000126922 0 0.000256431
5 0.0174229 0 2 5 0 0 0 0.000104522 0.000120692 0 0.000243845
6 0.0174229 0 2 5 0 0 0 9.95176e-05 0.000114913 0 0.000232171
7 0.0174229 0 2 5 0 0 0 9.48667e-05 0.000109543 0 0.000221322
8 0.0174229 0 2 5 0 0 0 9.05369e-05 0.000104543 0 0.000211221
9 0.0174229 0 2 4 2 0 0 6.45141e-05 9.12367e-05 0 0.000193481
10 0.0176994 0 2 3 4 0 0 7.38985e-05 9.05068e-05 0 0.00018469
11 0.0182526 0 2 3 4 0 0 7.04118e-05 8.62365e-05 0 0.000175977
12 0.0188057 0 2 3 4 0 0 6.71248e-05 8.22108e-05 0 0.000167763
13 0.0193588 0 2 0 10 0 0 8.038e-05 8.038e-05 0 0.00016076
14 0.0207415 0 2 0 10 0 0 7.71265e-05 7.71265e-05 0 0.000154253
15 0.0221243 0 1 1 10 0 0 7.3668e-05 7.3668e-05 0 0
16 0.0235071 0 1 1 10 0 0 7.07274e-05 7.07274e-05 0 0
17 0.0248898 0 1 1 10 0 0 6.78831e-05 6.78831e-05 0 0
18 0.0262726 0 3 1 8 0 0 0.0745842 0.0951871 0 0.232859
19 0.0273788 0 5 1 6 0 0 0.0222161 0.0300205 0 0.0869518
20 0.0282085 0 5 1 6 0 0 0.0100303 0.0164526 0 0.0456459
21 0.0290382 0 4 2 6 0 0 0.00575284 0.00991215 0.000164783 0.0272233
22 0.0298678 0 9 3 0 0 0 0.0539897 0.0698455 2.48189e-05 0.201054
23 0.0298678 0 8 4 0 0 0 0.0205185 0.0261423 2.73447e-06 0.0760719
24 0.0298678 0 8 3 2 0 0 0.0120413 0.0139221 7.46365e-08 0.0400687
25 0.0301444 0 6 5 2 0 0 0.00564669 0.00630215 7.91665e-09 0.0180558
26 0.0304209 0 6 5 2 0 0 0.00352488 0.00385708 1.4259e-09 0.0109458
27 0.0306975 0 6 5 2 0 0 0.00230943 0.00249293 7.95809e-11 0.00699018
28 0.030974 0 5 6 2 0 0 0.00182593 0.00196006 8.1854e-12 0.00545318
29 0.0312506 0 4 7 2 0 0 0.00149485 0.00159863 1.0199e-12 0.00441559
30 0.0315271 0 3 7 4 0 0 0.00139711 0.00135709 1.52757e-13 0.00371923
31 0.0320802 0 3 6 6 0 0 0.00176674 0.00201529 2.6404e-14 0.00320119
32 0.0329099 0 1 7 8 0 0 0.0162276 0.0376652 0.00274184 0.00274184
33 0.0340161 0 2 8 6 0 0 0.0296827 0.0495985 0.0272924 0.138168
34 0.0348458 0 1 7 10 0 0 0.0355611 0.0368015 0.00778227 0.00778227
35 0.0362286 0 1 7 10 0 0 0.0326893 0.0382633 0.00366723 0.00366723
36 0.0376113 0 1 7 10 0 0 0.0325381 0.0404694 0.00214723 0.00214723
37 0.0389941 0 1 6 12 0 0 0.0353466 0.0431855 0.00139655 0.00139655
38 0.0406534 0 0 6 14 0 0 0.024266 0.0384834 inf -100
39 0.0425893 0 2 5 14 0 0 0.00886057 0.00866611 0.0141599 0.0141599
40 0.0445252 0 4 5 12 0 0 0.00946009 0.0109754 0.00205541 0.0267514
41 0.0461845 0 6 3 14 0 0 0.120355 0.24627 0.000383074 0.798543
42 0.0481204 0 6 2 16 0 0 0.0681567 0.137352 6.68346e-05 0.422897
43 0.0478438 0.00248898 9 1 14 1 0 0.0880426 0.101405 1.25799e-05 0.309856
44 0.0497797 0.00248898 7 3 14 1 0 0.0690036 0.0784509 2.1851e-06 0.131686
45 0.0517156 0.00248898 6 4 14 1 0 0.0790829 0.0789414 3.82344e-07 0.12453
46 0.0536514 0.00248898 8 4 12 1 0 0.147043 0.188134 6.65939e-08 0.715366
47 0.0553108 0.00248898 9 4 12 1 0 0.179542 0.218125 1.28779e-08 0.821731
48 0.0569701 0.00248898 10 5 10 1 0 0.133715 0.125619 2.65662e-09 0.420017
49 0.0583529 0.00248898 9 6 10 1 0 0.0788385 0.0701482 0.00105276 0.243781
50 0.0597356 0.00248898 12 7 6 1 0 0.0764932 0.101388 0.00152903 0.456109
51 0.0605653 0.00248898 12 9 4 1 0 0.0911607 0.151195 0.000425136 0.672905
52 0.0611184 0.00248898 10 13 2 1 0 0.0747582 0.0964205 0.00010212 0.313001
53 0.061395 0 9 12 6 0 0 0.0607056 0.0630647 1.98213e-05 0.201041
54 0.0622246 0 7 13 8 0 0 0.0463787 0.0475575 3.97278e-06 0.176383
55 0.0633308 0 6 14 8 0 0 0.0508847 0.0577908 8.04228e-07 0.188249
56 0.064437 0 8 13 8 0 0 0.0650334 0.0738491 1.5408e-07 0.180082
57 0.0655433 0 8 12 10 0 0 0.0539983 0.0691814 0.0131772 0.0620209
58 0.066926 0 6 13 12 0 0 0.0510737 0.0761843 0.0102168 0.0316401
59 0.0685854 0 5 13 14 0 0 0.0623543 0.111765 0.00560133 0.0342631
60 0.0705212 0 4 12 18 0 0 0.0926965 0.208196 0.00318211 0.807386
61 0.0730102 0 4 8 26 0 0 0.262545 0.571978 0.00188778 0.414823
62 0.0766054 0 8 7 24 0 0 0.460584 0.704858 0.00114523 2.41394
63 0.0799241 0 9 6 26 0 0 0.41165 0.551379 0.000707944 1.60873
64 0.0835193 0 8 6 28 0 0 0.425055 0.448582 0.0377232 1.38218
65 0.087391 0 9 7 26 0 0 0.320395 0.368667 0.0195783 1.11687
66 0.0909862 0 10 8 24 0 0 0.288014 0.316698 0.0278183 1.03345
67 0.0943049 0 12 6 26 0 0 0.296566 0.372845 0.00660092 1.0334
68 0.0979001 0 14 5 26 0 0 0.37023 0.470422 0.00218017 1.48445
69 0.101495 0 14 8 24 0 0 0.450283 0.555287 0.000440378 1.77833
70 0.104814 0 21 9 16 0 0 0.375888 0.50183 8.71452e-05 1.76325
71 0.107026 0 20 12 14 0 0 0.31817 0.41522 1.89082e-05 1.54012
72 0.108962 0 23 12 12 0 0 0.230979 0.261594 3.91021e-06 1.07453
73 0.110622 0 21 15 12 0 0 0.210265 0.230851 0.00848554 0.922935
74 0.112281 0 18 17 14 0 0 0.200786 0.229716 0.0121518 0.775653
75 0.114217 0 16 18 16 0 0 0.212851 0.221299 0.00824631 0.708876
76 0.116429 0 19 19 12 0 0 0.236235 0.246111 0.00677277 0.976009
77 0.118088 0 19 21 10 0 0 0.176602 0.183636 0.00612485 0.637008
78 0.119471 0 20 18 16 0 0 0.240219 0.316405 0.00359785 0.882438
79 0.121684 0 19 18 18 0 0 0.226594 0.320695 0.00750768 0.904623
80 0.124173 0 17 17 24 0 0 0.259466 0.444668 0.00525736 1.65233
81 0.127491 0 19 16 24 0 0 0.361922 0.591661 0.00807102 1.9245
82 0.13081 0 20 13 30 0 0 0.432892 0.662449 0.00623584 2.10415
83 0.134958 0 20 12 34 0 0 0.339162 0.491493 0.0140943 1.67437
84 0.13966 0 21 11 36 0 0 0.269604 0.379681 0.0120474 1.36138
85 0.144638 0 20 11 38 0 0 0.330618 0.475978 0.0120858 1.67794
86 0.149892 0 17 12 42 0 0 0.407276 0.599435 0.0136507 1.46017
87 0.1557 0 23 13 36 0 0 0.791871 1.0256 0.0152728 3.54647
88 0.160678 0 24 13 36 0 0 0.560128 0.687923 0.0140787 2.57449
89 0.165656 0 27 14 34 0 0 0.525096 0.570711 0.0193623 2.0954
90 0.170357 0 26 17 32 0 0 0.538389 0.660997 0.0207041 2.96836
91 0.174782 0 31 19 26 0 0 0.518732 0.68641 0.00473976 2.97623
92 0.178377 0 30 24 24 0 0 0.508691 0.590343 0.0010358 2.32499
93 0.181696 0 29 28 22 0 0 0.446391 0.547209 0.000178516 2.31833
94 0.184738 0 29 29 22 0 0 0.434171 0.562199 0.000194535 2.30519
95 0.18778 0 29 30 24 0 0 0.437535 0.605926 0.000112 2.4655
96 0.191099 0 28 31 26 0 0 0.510303 0.869746 5.65305e-05 4.55141
97 0.194694 0 28 32 26 0 0 0.369402 0.576302 2.7878e-05 2.5668
98 0.198289 0 29 32 28 0 0 0.416975 0.571044 1.30496e-05 2.23591
99 0.202161 0 27 31 34 0 0 0.5141 0.863366 6.04941e-06 3.08092
100 0.206862 0 26 31 38 0 0 0.610082 0.822931 2.82067e-06 3.59716
101 0.212117 0 27 27 48 0 0 0.852536 1.13009 0.00966406 4.37925
102 0.218754 0 25 26 56 0 0 0.848928 1.16339 0.00302608 4.82093
103 0.226498 0 24 27 58 0 0 1.08412 1.65953 0.00739187 6.06362
104 0.234518 0 24 29 60 0 0 1.28053 2.01895 0.0101575 7.44343
105 0.242814 0 26 28 62 0 0 1.29005 1.95761 0.0398308 7.05845
106 0.251387 0 27 27 64 0 0 1.4062 2.22339 0.0766057 9.09832
107 0.260237 0 32 25 64 0 0 1.67438 2.38721 0.0198755 11.0942
108 0.269087 0 36 25 62 0 0 1.78623 2.35294 0.0215419 10.7707
109 0.27766 0 36 28 62 0 0 1.76444 2.26239 0.0306712 9.70706
110 0.286233 0 49 26 54 0 0 1.70648 2.05496 0.00174805 8.12539
111 0.2937 0 50 31 52 0 0 1.78942 2.33475 0.00837199 11.7498
112 0.298402 0.00248898 48 33 54 1 0 1.68668 2.19769 0.0168891 8.84458
113 0.305869 0.00248898 50 33 58 1 0 1.80108 1.8735 0.0278033 7.62063
114 0.313889 0.00248898 51 36 56 1 0 1.60577 1.70259 0.0136031 6.34144
115 0.321632 0.00248898 49 41 54 1 0 1.41761 1.45954 0.00330329 6.3886
116 0.329099 0.00248898 50 45 50 1 0 1.33222 1.35198 0.00315842 6.44199
117 0.336013 0.00248898 52 45 50 1 0 1.38326 1.69551 0.00197588 8.3515
118 0.342927 0.00248898 56 41 56 1 0 1.45976 1.95217 0.00139241 9.1141
119 0.35067 0.00248898 59 43 52 1 0 1.58875 2.41739 0.00106782 12.3389
120 0.357861 0.00248898 59 42 62 1 0 1.48913 2.00504 0.00086839 9.78994
121 0.366434 0.00248898 59 43 66 1 0 1.61758 2.09983 0.000715471 9.40817
122 0.37556 0 65 43 66 0 0 1.7349 2.02291 0.000602279 9.3459
123 0.384686 0 60 47 72 0 0 1.73185 1.97557 0.000369421 10.4844
124 0.394642 0 59 44 82 0 0 1.81231 1.95602 0.000879736 10.0723
125 0.405981 0 55 45 90 0 0 1.96126 2.15229 0.00168178 8.42105
126 0.418426 0 54 48 90 0 0 2.21774 2.45959 0.00239993 11.0727
127 0.430871 0 62 50 82 0 0 2.68379 3.00462 0.00311456 11.5753
128 0.44221 0 60 51 86 0 0 2.57267 2.91401 0.00764564 9.68433
129 0.454101 0 72 49 84 0 0 2.61372 2.4134 0.030191 11.0679
130 0.465717 0 76 49 86 0 0 3.00309 3.26588 0.0404985 15.1616
131 0.477608 0 85 46 86 0 0 3.28094 3.56117 0.040982 13.7457
132 0.4895 0 85 47 94 0 0 3.60147 3.89007 0.0425124 16.0222
133 0.502498 0 91 50 88 0 0 2.87148 2.97223 0.0157808 13.104
134 0.514667 0 91 54 90 0 0 3.02179 3.2296 0.0151865 11.2303
135 0.527112 0 92 52 96 0 0 3.21222 3.65097 0.00888292 16.6434
136 0.540386 0 86 58 100 0 0 3.30737 3.58813 0.0069789 14.7087
137 0.554214 0 79 67 102 0 0 3.44717 3.56784 0.0149342 15.909
138 0.568318 0 86 70 98 0 0 3.49313 3.52796 0.00858472 15.6559
139 0.581869 0 95 67 98 0 0 3.39302 3.29468 0.00430138 14.4169
140 0.59542 0 103 68 92 0 0 3.80553 3.51238 0.00155915 17.2853
141 0.608142 0 110 69 94 0 0 4.28845 3.90127 0.000603563 20.1766
142 0.62114 0 103 76 100 0 0 4.70569 3.85805 0.00211557 20.2916
143 0.634968 0 110 71 108 0 0 5.4705 4.49426 0.00423804 19.4761
144 0.649902 0 108 80 104 0 0 6.01575 4.53514 0.00265623 19.6536
145 0.664282 0 108 78 116 0 0 6.96673 5.3261 0.0067324 25.3097
146 0.680322 0 111 70 134 0 0 7.64061 6.22711 0.0115042 32.9003
147 0.698852 0 110 71 140 0 1 1.47936 1.39051 0.0183737 5.35506
148 0.71821 0 108 82 134 0 1 3.31666 2.2559 0.05992 9.8971
149 0.736739 0 101 91 136 0 1 5.18008 3.43013 0.0966413 18.1836
150 0.755545 0 113 88 138 0 1 7.81505 5.15881 0.0845152 26.7961
151 0.769649 0.00497797 113 85 152 2 1 9.94212 6.73077 0.0624978 35.032
152 0.790667 0.00497797 118 96 140 2 1 11.8406 7.54089 0.0527729 34.5577
153 0.810026 0.00497797 115 93 158 2 1 13.6463 7.93469 0.0633522 37.3438
154 0.831874 0.00497797 125 95 154 2 1 16.2927 9.01674 0.0349075 41.964
155 0.853169 0.00497797 140 100 138 2 2 10.0643 5.48806 0.299264 28.3023
156 0.872251 0.00497797 145 102 142 2 2 13.775 7.23121 0.44763 34.3126
157 0.891886 0.00497797 143 96 164 2 2 17.4788 8.77933 0.240778 38.8668
158 0.912075 0.00746695 138 95 182 3 2 22.7335 10.8938 2.11598 52.7688
159 0.937241 0.00746695 155 92 176 3 2 28.3197 12.4118 5.14377 58.519
160 0.961578 0.00746695 166 91 170 3 3 22.042 8.04661 5.67862 47.0147
161 0.985085 0.00248898 158 92 192 1 3 27.9622 9.79042 5.65888 53.7286
162 0.997546 0.00245432 162 95 186 1 5 32.1634 9.1271 2.79672 60.9369
163 0.997606 0.00239362 153 96 188 1 10 37.3983 9.82556 12.1621 73.9976
164 0.997665 0.00233524 129 83 194 1 22 43.9002 11.793 16.0412 69.7338
165 0.997722 0.0022779 122 80 194 1 28 50.5443 13.4662 26.2158 85.8415
166 0.997777 0.00222332 120 75 182 1 37 55.7776 13.7716 24.331 106.028
167 0.997823 0.0021768 108 55 167 1 56 58.6245 14.3649 23.0312 101.435
168 1 0 93 55 153 0 62 56.4318 13.2501 25.7753 95.1273
169 1 0 90 51 139 0 73 61.1535 16.4223 25.9294 104.057
170 1 0 96 39 122 0 83 60.7428 15.6288 32.1649 107.691
171 1 0 84 46 110 0 91 63.3875 15.844 32.4125 110.93
172 1 0 71 40 96 0 100 59.1991 16.1619 25.822 105.44
173 1 0 76 40 84 0 104 63.8999 17.8094 26.8943 110.783
174 1 0 78 38 71 0 111 67.9706 17.0353 31.2074 102.866
175 1 0 74 29 62 0 122 68.689 17.3006 37.7178 115.049
176 1 0 63 26 55 0 131 66.6293 18.0996 33.7864 117.035
177 1 0 57 27 51 0 136 67.5029 18.0554 28.1281 106.645
178 1 0 45 21 51 0 148 67.6404 18.7764 26.5953 106.21
179 1 0 44 30 39 0 151 66.5369 18.1404 34.199 107.735
180 1 0 36 24 46 0 157 67.7924 18.209 38.8785 103.884
181 1 0 36 22 44 0 160 67.5764 16.7888 34.9501 102.36
182 1 0 36 19 40 0 161 65.7652 19.033 26.1217 105.618
183 1 0 34 17 34 0 167 62.2485 18.9053 25.1294 95.0775
184 1 0 36 16 31 0 169 59.7459 19.826 26.1456 97.0246
185 1 0 27 18 28 0 175 60.5929 17.8909 29.1942 108.01
186 1 0 21 17 34 0 178 63.8604 15.5786 39.9043 94.816
187 1 0 20 16 30 0 182 64.5933 16.7564 34.5055 100.89
188 1 0 16 12 34 0 185 68.0605 19.2775 36.6245 102.514
189 1 0 26 9 25 0 188 71.0708 21.866 25.3603 108.231
190 1 0 21 10 25 0 190 66.7527 19.4869 24.1686 101.802
191 1 0 13 12 25 0 194 65.3057 19.3129 37.4882 94.0983
192 1 0 12 12 25 0 194 65.6538 18.6741 42.5488 92.9621
193 1 0 12 10 21 0 197 56.0738 16.7385 36.6658 81.5486
194 1 0 10 9 24 0 199 59.303 18.0587 38.3568 85.9634
195 1 0 16 9 18 0 199 63.2911 20.7773 30.715 105.723
196 1 0 13 11 16 0 201 61.9867 20.2655 35.8844 103.713
197 1 0 13 12 12 0 202 62.9618 19.8539 26.7707 107.942
198 1 0 12 10 8 0 206 63.1178 19.4478 29.6556 84.74
199 1 0 13 9 8 0 207 63.6618 19.7156 29.4289 103.919
200 1 0 12 6 16 0 207 65.0196 18.1254 29.4065 91.4975
201 1 0 11 4 16 0 208 55.9409 20.6866 25.73 87.3894
202 1 0 8 6 16 0 209 56.5364 22.1371 23.9354 86.0809
203 1 0 8 9 12 0 209 60.8854 22.8372 33.5118 94.9023
204 1 0 7 10 12 0 209 61.7073 22.1518 34.6435 95.6829
205 1 0 6 8 14 0 209 54.2336 21.1346 20.5937 85.6297
206 1 0 4 8 16 0 205 46.6585 13.6467 20.1895 62.2458
207 1 0 3 9 16 0 194 44.7547 10.4541 39.5947 58.6825
208 1 0 4 9 16 0 190 41.022 12.1783 30.7697 54.2125
209 1 0 11 9 10 0 182 34.7707 14.3404 20.6068 62.226
210 0.884419 0 12 10 8 0 163 17.8619 10.0386 5.80748 32.3772
211 0.835746 0 11 10 10 0 157 10.5868 7.56314 1.41687 28.2054
212 0.789838 0 10 8 16 0 148 5.66231 5.24281 0.495536 16.2243
213 0.724848 0 10 8 16 0 138 3.43432 3.69509 0.379177 10.6591
214 0.67728 0 12 7 16 0 130 1.42363 1.07237 0.227346 2.70534
215 0.594867 0 14 6 16 0 119 0.972589 0.947406 0.081016 3.6365
216 0.574679 0 14 5 18 0 115 0.617793 0.563893 0.0426712 1.63385
217 0.534855 0 14 6 18 0 108 0.508489 0.440798 0.030355 1.4114
218 0.482586 0 16 5 18 0 97 0.530585 0.670471 0.0114818 3.02163
219 0.432807 0 14 6 20 0 88 0.463187 0.620068 0.00617857 2.68358
220 0.420638 0 16 5 20 0 84 0.424829 0.699326 0.0076639 2.89522
221 0.371135 0 20 6 16 0 72 0.402131 0.623476 0.00839996 2.29051
222 0.363392 0 20 6 16 0 69 0.297681 0.499073 0.00202965 1.85507
223 0.333247 0 17 11 14 0 62 0.32186 0.477639 0.000354008 1.58194
224 0.322738 0 19 11 12 0 59 0.446757 0.648176 6.95599e-05 2.16395
225 0.316931 0 19 13 10 0 58 0.316 0.433624 1.16367e-05 1.36383
226 0.293424 0 19 13 12 0 52 0.228215 0.29402 1.99956e-06 0.967122
227 0.285127 0 20 14 10 0 49 0.174527 0.217722 4.25089e-07 0.737453
228 0.26162 0 21 13 12 0 43 0.260077 0.504134 8.67165e-08 1.66016
229 0.253323 0 20 16 10 0 40 0.195272 0.383749 1.93272e-08 1.35205
230 0.237283 0 22 14 12 0 36 0.170571 0.313801 3.93192e-09 1.12996
231 0.224009 0 20 16 12 0 33 0.142729 0.258171 7.60731e-10 0.95415
232 0.215712 0 18 13 22 0 30 0.255873 0.492642 1.50083e-10 1.63836
233 0.206309 0 16 15 22 0 27 0.241369 0.488872 3.17407e-11 1.69146
234 0.194417 0 15 14 26 0 23 0.245024 0.498881 1.74754e-05 1.6964
235 0.198013 0 18 13 26 0 23 0.239925 0.442595 3.51476e-06 1.57442
236 0.186674 0 16 14 28 0 20 0.21437 0.409022 6.83025e-07 1.43088
237 0.185568 0 20 13 26 0 18 0.300712 0.433649 1.42304e-07 1.33642
238 0.189163 0 18 12 32 0 18 0.26601 0.380464 2.62364e-08 1.20647
239 0.186121 0 22 12 28 0 16 0.230685 0.351738 5.34566e-09 1.43684
240 0.182526 0 21 11 32 0 13 0.236735 0.356935 1.09495e-09 1.55685
241 0.169528 0 28 12 26 0 8 0.261507 0.358599 2.07924e-10 1.53665
242 0.170634 0 27 11 30 0 7 0.208106 0.248568 1.13377e-07 1.1392
243 0.174782 0 28 13 28 0 7 0.250356 0.368216 2.09906e-08 1.85781
244 0.168698 0 29 15 26 0 5 0.172008 0.1838 4.1723e-06 0.729116
245 0.169804 0 28 16 28 0 4 0.155611 0.16631 8.08278e-07 0.697449
246 0.171187 0 27 19 26 0 3 0.191075 0.236921 1.62598e-07 0.982355
247 0.174782 0 31 19 24 0 3 0.19027 0.3093 3.50394e-08 1.65237
248 0.173123 0 28 22 24 0 1 0.14231 0.208836 8.48319e-09 1.00023
249 0.173952 0 30 23 22 0 0 0.149293 0.248985 1.9152e-09 1.37461
250 0.176994 0 31 23 24 0 0 0.11774 0.171659 0.0015834 0.846258
251 0.180313 0 34 23 22 0 0 0.109124 0.155818 0.000575007 0.683968
252 0.183355 0 34 22 26 0 0 0.113987 0.182851 0.000132002 0.930657
253 0.18695 0 29 26 30 0 0 0.130265 0.278193 0.000215438 1.66131
254 0.191099 0 31 25 32 0 0 0.216269 0.387966 0.000228477 1.55586
255 0.195524 0 26 27 38 0 0 0.187879 0.330421 0.000381075 1.3575
256 0.200778 0 26 29 38 0 0 0.3134 0.607995 7.28581e-05 2.43939
257 0.206033 0 25 27 44 0 0 0.355863 0.702037 1.51599e-05 3.02833
258 0.212117 0 26 26 46 0 0 0.367421 0.693784 0.00090208 3.01354
259 0.218478 0 28 27 46 0 0 0.430191 0.708826 0.00139013 2.59196
260 0.224838 0 28 28 46 0 0 0.438799 0.613027 0.0012408 1.90056
261 0.231199 0 32 28 44 0 0 0.487985 0.641651 8.29116e-05 2.09083
262 0.237283 0 34 25 52 0 0 0.52262 0.528564 0.0149584 1.94487
263 0.244474 0 37 26 50 0 0 0.437866 0.428755 0.0202395 1.16463
264 0.251387 0 41 23 54 0 0 0.439486 0.51847 0.0222789 2.05852
265 0.258854 0 39 25 58 0 0 0.434251 0.498283 0.0136587 1.83119
266 0.266874 0 44 25 54 0 0 0.318007 0.340912 0.00805208 1.25655
267 0.274341 0 46 26 52 0 0 0.339111 0.372752 0.00517732 1.59772
268 0.281532 0 46 28 54 0 0 0.392679 0.537715 0.00165222 2.3675
269 0.288999 0 46 28 56 0 0 0.433813 0.569475 0.00247467 2.88733
270 0.296742 0 47 29 56 0 0 0.467925 0.67587 0.00465884 3.22089
271 0.304486 0 57 29 50 0 0 0.658622 0.84611 0.0051593 3.04535
272 0.3114 0 53 34 52 0 0 0.635522 0.822723 0.00456207 3.18505
273 0.31859 0 59 36 46 0 0 0.695346 1.15136 0.00197582 4.79659
274 0.324951 0 65 32 50 0 0 0.684398 1.07459 0.00943527 4.30893
275 0.331865 0 60 38 50 0 0 0.736569 1.18532 0.0056497 5.66042
276 0.338778 0 55 43 52 0 0 0.919901 1.44669 0.00368376 6.41701
277 0.345969 0 57 43 56 0 0 1.01673 1.44047 0.00232936 7.22674
278 0.353712 0 55 47 56 0 0 1.04668 1.40191 0.00566094 6.91356
279 0.361456 0 53 50 58 0 0 1.07663 1.40424 0.00611213 5.57598
280 0.369476 0 57 50 58 0 0 1.167 1.68124 0.00273914 7.99914
281 0.377496 0 58 47 68 0 0 1.33078 1.87501 0.0138148 9.19154
282 0.386899 0 56 49 72 0 0 1.40841 1.68674 0.00372377 6.45092
283 0.396855 0 65 50 64 0 0 1.26502 1.45598 0.00387005 6.68854
284 0.405704 0 59 51 76 0 0 1.33659 1.55669 0.0076704 8.79709
285 0.416214 0 60 47 86 0 0 1.49686 1.71796 0.0165662 8.27027
286 0.428105 0 69 44 86 0 0 1.7256 1.9734 0.0427157 8.95825
287 0.439997 0 65 46 94 0 0 1.90417 2.25627 0.00667312 8.11203
288 0.452995 0 66 45 100 0 0 2.07214 2.54037 0.00242726 7.57582
289 0.466823 0 68 47 100 0 0 2.3263 3.05078 0.00178447 17.1237
290 0.480651 0 80 46 94 0 0 2.92919 3.60403 0.00379611 14.7765
291 0.493649 0 85 43 98 0 0 3.37002 3.80308 0.0041166 13.9145
292 0.5072 0 85 44 100 0 0 3.50563 3.8961 0.00401974 16.0727
293 0.521027 0 90 45 102 0 0 4.06218 5.01795 0.00379295 19.134
294 0.535132 0 99 47 94 0 0 4.28959 5.06408 0.00358243 19.4526
295 0.54813 0 102 53 88 0 0 4.46423 5.23658 0.00347532 19.2028
296 0.560298 0 109 50 92 0 0 4.84268 5.39021 0.0170079 19.1811
297 0.57302 0 113 53 90 0 0 5.49935 6.27516 0.0207691 28.2059
298 0.582976 0.00248898 110 57 94 1 0 5.26527 5.70792 0.0261542 19.5569
299 0.595974 0.00248898 107 66 92 1 0 5.36486 5.91519 0.0262351 26.8225
300 0.608695 0.00248898 113 69 86 1 0 6.00443 6.00034 0.0175802 26.9333
301 0.620587 0.00248898 110 74 88 1 0 6.08951 5.98469 0.0117541 26.9967
302 0.632755 0.00248898 116 75 90 1 0 7.0587 6.93203 0.00743662 38.3719
303 0.6452 0.00248898 111 81 94 1 0 7.32786 6.79516 0.00451936 35.9699
304 0.658198 0.00248898 109 80 106 1 0 7.95056 7.21839 0.0267482 33.3221
305 0.672856 0.00248898 110 90 100 1 0 8.65596 7.72039 0.0356096 34.1862
306 0.686683 0.00248898 113 89 106 1 0 9.71535 8.76919 0.0753695 40.0065
307 0.701341 0.00248898 113 91 114 1 0 10.2312 8.90645 0.173405 37.4535
308 0.717104 0 110 89 132 0 0 10.7078 9.32161 0.0122466 42.256
309 0.735357 0 111 88 138 0 0 11.3623 10.1219 0.019753 48.8204
310 0.754439 0 107 91 148 0 0 12.7324 10.6041 0.159615 53.6824
311 0.774904 0 110 96 150 0 0 14.7556 11.9108 0.0118391 50.6411
312 0.795645 0 113 92 162 0 0 15.5862 12.364 0.0270532 52.6824
313 0.818046 0 120 95 160 0 0 17.4587 12.437 0.0153154 50.2047
314 0.840171 0 106 104 180 0 0 19.3988 12.8048 0.164943 54.8464
315 0.86506 0 106 104 178 0 3 9.58475 5.13514 0.31987 21.0504
316 0.889674 0 110 108 182 0 3 14.7093 6.50837 0.769352 29.3591
317 0.91484 0 128 105 178 0 3 19.1235 8.70518 0.171538 38.9948
318 0.939453 0 129 112 174 0 3 24.0574 10.7298 1.72635 48.7737
319 0.963514 0 133 109 180 0 4 20.3718 7.4753 1.766 38.8445
320 0.988403 0 140 107 190 0 4 27.229 10.1228 2.45478 58.4451
321 1 0 139 109 182 0 8 30.6369 9.25901 8.9688 55.3595
322 0.997606 0.00239362 133 113 180 1 12 36.141 10.4149 9.37247 73.1043
323 0.997662 0.00233766 143 93 194 1 16 43.909 12.12 11.1248 74.7032
324 0.99772 0.00228021 115 80 194 1 30 47.5224 13.2246 14.3761 79.3618
325 0.997774 0.00222552 105 66 192 1 44 52.6092 13.3785 21.9348 89.6606
326 0.997826 0.00217391 90 62 178 1 57 57.9957 13.9909 19.0205 96.5418
327 0.997872 0.00212816 75 59 178 1 65 63.0676 14.4717 26.0118 95.2393
328 0.997898 0.00210182 69 47 166 1 79 66.5809 15.2328 23.0799 97.8104
329 0.997908 0.00209205 78 34 148 1 90 64.975 16.5086 33.5531 106.752
330 0.997935 0.00206517 71 29 144 1 97 68.5905 17.3745 27.3703 107.387
331 0.997939 0.00206091 64 24 138 1 106 70.9703 15.5912 31.1043 109.469
332 1 0 77 23 102 0 119 74.9138 20.7752 29.2171 136.394
333 1 0 80 22 88 0 122 73.0752 18.3157 30.8172 130.425
334 1 0 78 29 70 0 129 73.3018 17.3341 32.198 109.324
335 1 0 57 25 64 0 144 73.0003 18.5554 23.4556 136.277
336 1 0 49 24 60 0 149 71.2717 20.6811 25.1442 126.071
337 1 0 50 23 50 0 154 70.2717 19.0162 21.9937 103.561
338 1 0 51 23 40 0 156 65.5332 19.3857 24.602 101.732
339 1 0 42 18 36 0 165 68.1398 18.1041 27.1482 100.58
340 1 0 43 19 28 0 169 69.8691 19.5976 23.2766 102.55
341 1 0 38 17 22 0 177 67.5161 15.4502 39.3159 99.6818
342 1 0 25 17 22 0 182 64.9353 16.1549 31.0676 96.2051
343 1 0 20 16 20 0 186 62.7707 14.3269 26.4687 85.4663
344 1 0 16 15 22 0 190 66.4532 13.6649 34.5926 92.7899
345 1 0 11 12 20 0 197 61.931 14.2753 31.3391 76.1594
346 1 0 10 10 22 0 200 61.2362 15.9083 28.4155 99.9778
347 1 0 10 10 20 0 201 62.726 17.0865 28.2453 93.6044
348 1 0 15 9 16 0 202 66.7071 17.7172 28.001 103.137
349 1 0 12 9 20 0 203 65.942 16.8338 29.7965 92.5347
350 1 0 12 10 18 0 204 65.6746 16.1888 31.0794 93.4387
351 1 0 9 8 24 0 204 58.6242 18.1845 30.9988 75.2948
352 1 0 11 8 22 0 204 60.6246 18.3501 32.2841 83.8405
353 1 0 14 5 22 0 205 69.264 24.923 32.9062 120.805
354 1 0 12 6 20 0 208 70.8369 25.6498 22.6274 116.477
355 1 0 14 7 16 0 209 71.4345 22.2745 23.4117 118.13
356 1 0 13 5 18 0 211 74.1249 22.7292 24.7724 119.345
357 1 0 13 5 16 0 213 69.3733 24.4634 19.5946 119.51
358 1 0 12 6 14 0 214 67.3861 22.2916 30.4693 119.052
359 1 0 12 5 16 0 214 69.4367 23.0299 33.0126 119.922
360 1 0 17 5 12 0 214 76.8747 22.407 35.2471 120.637
361 1 0 12 8 12 0 215 74.0866 24.7402 30.6812 119.296
362 1 0 12 8 8 0 218 71.7081 19.9066 24.627 90.8318
363 1 0 11 7 10 0 219 70.7652 20.3712 23.7055 90.6748
364 1 0 9 7 10 0 217 61.9196 15.1487 27.5436 79.3723
365 1 0 8 8 8 0 216 56.7691 15.0542 23.6051 75.8478
366 1 0 8 7 8 0 213 49.5822 12.0926 35.9147 66.5587
367 1 0 8 6 8 0 201 25.2385 7.7975 11.9406 34.3257
368 0.96462 0 10 6 6 0 188 17.6258 6.53261 8.91926 28.2804
369 0.873357 0 10 7 6 0 175 10.125 4.56133 2.56219 18.2309
370 0.819429 0 8 6 12 0 167 7.25031 3.12145 2.69271 11.5328
371 0.746419 0 6 8 12 0 154 4.18774 3.10566 1.3029 6.34352
372 0.703276 0 8 8 10 0 144 3.23603 2.00164 0.965432 7.47456
373 0.662346 0 7 8 12 0 137 1.92936 1.13654 0.571013 2.89077
374 0.609248 0 6 8 14 0 126 0.985076 0.773915 0.334104 2.27881
375 0.54647 0 5 9 14 0 114 0.554762 0.548255 0.069966 1.40359
376 0.518538 0 7 9 12 0 109 0.33919 0.346745 0.0342724 0.790493
377 0.49033 0 7 9 12 0 102 0.228773 0.248753 0.0207889 0.50913
378 0.412342 0 8 8 14 0 87 0.244535 0.328513 0.00990003 0.390777
379 0.386899 0 13 7 12 0 82 0.175336 0.144624 0.00961824 0.316455
380 0.361179 0 11 7 16 0 76 0.0908767 0.108514 0.00694737 0.119292
381 0.350947 0 10 8 16 0 73 0.0617038 0.0801937 0.00542039 0.0947732
382 0.300891 0 9 10 16 0 64 0.0971971 0.139585 0.00298825 0.572941
383 0.288169 0 11 9 16 0 60 0.136422 0.184429 0.00124153 0.42165
384 0.255536 0 11 8 18 0 52 0.0735004 0.0841138 0.000530197 0.299397
385 0.225668 0 10 9 18 0 47 0.0578057 0.0658083 0.000213365 0.133381
386 0.215712 0 8 11 18 0 43 0.0564677 0.0692964 9.38488e-05 0.103624
387 0.205756 0 12 10 16 0 39 0.0467044 0.0505857 3.90736e-05 0.0888363
388 0.18059 0 15 10 14 0 32 0.0451394 0.0525157 1.70447e-05 0.200907
389 0.175059 0 17 10 14 0 29 0.0618331 0.0931784 3.57492e-06 0.451166
390 0.172016 0 15 11 16 0 28 0.0290908 0.0389809 5.94611e-07 0.183828
391 0.17174 0 15 10 20 0 27 0.0613797 0.110586 0.00105135 0.549937
392 0.172016 0 17 10 18 0 26 0.0569607 0.0992913 0.00093501 0.262456
393 0.172016 0 19 10 16 0 25 0.0567698 0.0903659 0.000814857 0.275397
394 0.169251 0 19 9 18 0 24 0.0320007 0.0398841 0.000316024 0.128278
395 0.17174 0 18 8 22 0 24 0.0627468 0.121784 0.000695435 0.626747
396 0.169804 0 18 10 20 0 23 0.0607268 0.0996823 0.000641125 0.485265
397 0.165103 0 19 10 20 0 20 0.0513692 0.0799931 0.000517941 0.38473
398 0.165379 0 22 9 20 0 19 0.0558099 0.0697468 0.000143351 0.307444
399 0.163167 0 22 9 22 0 17 0.0566468 0.0711108 4.93542e-05 0.281018
400 0.161231 0 28 7 20 0 15 0.0523328 0.0636775 1.62249e-05 0.264784
401 0.156529 0 27 8 20 0 13 0.0369604 0.0518556 5.70873e-06 0.247703
402 0.159295 0 24 11 20 0 13 0.0466074 0.0744645 1.69831e-06 0.221552
403 0.162061 0 25 12 18 0 13 0.0485996 0.0800684 5.13974e-07 0.202422
404 0.159572 0 28 12 16 0 11 0.0582276 0.0866027 1.04584e-07 0.239881
405 0.151828 0 24 14 20 0 7 0.0622687 0.117929 1.89164e-08 0.213966
406 0.152105 0 24 15 20 0 6 0.0297064 0.061613 3.2187e-09 0.156179
407 0.149892 0 27 15 18 0 4 0.0280439 0.0501209 3.91474e-10 0.163693
408 0.147403 0 29 15 18 0 2 0.0390159 0.0616603 3.16948e-11 0.248913
409 0.147403 0 32 16 14 0 1 0.0288115 0.0427571 2.29286e-12 0.156491
410 0.144361 0 29 18 16 0 0 0.0426495 0.0692613 2.48774e-13 0.257208
411 0.146574 0 28 16 22 0 0 0.0380797 0.0664676 8.78245e-14 0.181318
412 0.149616 0 26 17 24 0 0 0.0646226 0.112355 6.70609e-14 0.194473
413 0.152934 0 27 17 24 0 0 0.061385 0.0810101 4.62935e-14 0.199685
414 0.156253 0 30 14 28 0 0 0.0977531 0.130464 4.62935e-14 0.560463
415 0.160125 0 30 14 30 0 0 0.0848 0.114803 4.62935e-14 0.539347
416 0.164273 0 28 17 30 0 0 0.101698 0.148765 4.62935e-14 0.664872
417 0.168421 0 30 17 30 0 0 0.0835348 0.109278 4.62935e-14 0.595376
418 0.17257 0 29 17 32 0 0 0.0767127 0.0947595 4.62935e-14 0.496974
419 0.176994 0 30 15 36 0 0 0.129845 0.16953 0 0.462495
420 0.181972 0 33 17 32 0 0 0.147677 0.250184 0 0.760411
421 0.186397 0 30 20 34 0 0 0.121422 0.240662 4.62935e-14 0.412574
422 0.191099 0 27 24 34 0 0 0.158284 0.285854 4.62935e-14 0.44169
423 0.1958 0 32 26 28 0 0 0.160179 0.260876 4.62935e-14 0.465214
424 0.199672 0 31 29 28 0 0 0.165323 0.244991 4.62935e-14 0.599748
425 0.203544 0 26 32 34 0 0 0.135807 0.189543 4.62935e-14 0.742769
426 0.208245 0 29 31 34 0 0 0.12189 0.172557 4.62935e-14 0.887721
427 0.212946 0 30 31 34 0 0 0.174245 0.248987 4.62935e-14 1.1002
428 0.217648 0 35 31 30 0 0 0.293717 0.485456 4.62935e-14 2.85474
429 0.221796 0 34 31 34 0 0 0.271828 0.411186 4.62935e-14 2.07014
430 0.226498 0 35 29 40 0 0 0.300015 0.380213 4.62935e-14 1.75396
431 0.232029 0 35 26 48 0 0 0.258585 0.322273 4.62935e-14 1.62475
432 0.238666 0 34 26 52 0 0 0.239044 0.43247 4.62935e-14 1.63559
433 0.245856 0 36 23 58 0 0 0.26594 0.42407 4.62935e-14 1.77931
434 0.253876 0 39 21 64 0 0 0.3498 0.4906 4.62935e-14 2.17014
435 0.262726 0 40 23 62 0 0 0.331591 0.409928 4.62935e-14 2.07485
436 0.271299 0 39 25 62 0 0 0.316001 0.33416 4.62935e-14 1.67304
437 0.277384 0.00248898 39 25 62 1 0 0.358071 0.399776 4.62935e-14 1.90671
438 0.285957 0.00248898 39 28 62 1 0 0.616184 0.975076 4.62935e-14 5.48568
439 0.29453 0.00248898 45 29 58 1 0 0.531098 0.74659 4.62935e-14 4.64722
440 0.30255 0.00248898 50 32 52 1 0 0.487399 0.66062 4.62935e-14 4.0353
441 0.30974 0.00248898 51 34 52 1 0 0.629355 1.0128 4.62935e-14 5.41157
442 0.316931 0.00248898 57 36 46 1 0 0.617754 0.995049 4.62935e-14 6.28939
443 0.323291 0.00248898 67 35 42 1 0 0.964907 1.99145 4.62935e-14 16.9727
444 0.329099 0.00248898 63 38 46 1 0 0.854904 1.52724 4.62935e-14 11.3547
445 0.33546 0.00248898 61 39 50 1 0 0.77971 1.27216 4.62935e-14 7.41706
446 0.342374 0.00248898 61 40 50 1 0 0.597488 0.875145 4.62935e-14 4.36192
447 0.349288 0 62 39 56 0 0 0.649943 0.775123 4.62935e-14 2.90672
448 0.357031 0 62 41 58 0 0 0.761236 0.783248 4.62935e-14 3.078
449 0.365051 0 58 44 64 0 0 0.758047 0.759716 0.030004 3.45637
450 0.373901 0 61 42 68 0 0 0.871242 0.91797 0.0418285 4.15718
451 0.383304 0 63 40 72 0 0 0.962925 1.03129 0.0237407 4.24562
452 0.39326 0 69 40 70 0 0 1.09957 1.30631 0.0273703 6.83891
453 0.402939 0 69 40 76 0 0 1.22207 1.375 0.0217805 5.94957
454 0.413448 0 72 39 78 0 0 1.30161 1.44132 0.026237 8.23803
455 0.424234 0 71 40 80 0 0 1.44622 1.46417 0.0174104 6.62376
456 0.435296 0 78 40 78 0 0 1.61581 1.61783 0.0111932 7.61909
457 0.446081 0 83 37 82 0 0 1.72792 1.70733 0.00859266 8.26155
458 0.45742 0 85 37 88 0 0 1.93858 1.95928 0.0118493 8.46176
459 0.469588 0 83 46 84 0 0 1.93705 1.86648 0.0152643 8.35528
460 0.481204 0 82 53 80 0 0 1.99694 1.85762 0.0206116 9.05293
461 0.492266 0 80 59 80 0 0 2.08306 1.98368 0.0221693 9.06393
462 0.503328 0 84 61 80 0 0 2.03924 2.18852 0.0262712 7.3256
463 0.51439 0 82 68 78 0 0 2.11349 2.03743 0.0168016 6.66205
464 0.525176 0 81 70 80 0 0 2.32075 2.1183 0.0168275 6.90962
465 0.536238 0 80 76 80 0 0 2.53073 2.19442 0.046678 9.77984
466 0.5473 0 85 80 74 0 0 2.55414 2.31269 0.0878367 10.2165
467 0.557533 0 95 78 74 0 0 3.00848 2.76085 0.11829 13.0295
468 0.567765 0 90 77 92 0 0 3.2534 2.94574 0.117502 13.7708
469 0.580487 0 91 71 106 0 0 3.49189 3.48737 0.110369 17.9638
470 0.595144 0 90 70 118 0 0 3.80996 3.92026 0.0909151 18.167
471 0.611461 0 96 68 122 0 0 4.29257 4.64303 0.0896616 26.1659
472 0.62833 0 93 67 136 0 0 4.82333 4.86459 0.0349778 25.0016
473 0.647136 0 91 70 140 0 0 5.4602 5.26068 0.0188795 25.6836
474 0.666495 0 95 65 152 0 0 6.23671 5.42749 0.0232625 24.408
475 0.687513 0 91 68 160 0 0 6.11677 5.20791 0.177031 24.5334
476 0.709637 0 98 71 156 0 0 6.89783 5.55966 0.300976 30.701
477 0.731208 0 113 69 154 0 0 8.11014 6.02612 0.340006 35.7928
478 0.752503 0 118 79 142 0 0 9.09663 6.84872 0.494847 34.2421
479 0.772138 0 125 83 140 0 0 10.5911 7.13566 0.639109 39.519
480 0.791497 0 133 85 136 0 0 11.6214 7.28963 0.0353923 35.0719
481 0.810303 0 142 87 134 0 0 12.8876 7.35037 0.101981 33.319
482 0.828832 0 145 86 140 0 0 13.2725 7.14998 0.70045 32.9817
483 0.848191 0 156 91 130 0 0 13.9224 7.38915 0.982263 36.7831
484 0.866167 0 151 100 136 0 0 15.3837 7.6719 0.272894 41.6574
485 0.884972 0 152 102 142 0 0 16.8481 7.87575 1.27874 38.3164
486 0.904608 0 161 106 138 0 0 18.9422 8.36225 1.2397 35.6616
487 0.92369 0 157 103 158 0 0 21.6687 9.46755 0.285796 44.1054
488 0.945538 0 158 107 166 0 0 24.5429 9.96109 1.31431 57.5002
489 0.968492 0 154 110 170 0 1 19.5966 6.50039 1.41349 38.9728
490 0.991999 0 156 115 174 0 1 25.7823 8.12615 2.77043 47.5185
491 1 0 160 114 172 0 2 30.4527 8.25359 7.90443 49.5659
492 1 0 153 116 182 0 4 36.121 10.1663 7.83986 65.286
493 1 0 132 95 200 0 10 42.8915 12.3644 11.9031 79.0807
494 1 0 115 95 198 0 17 47.7612 12.8093 10.3868 82.0484
495 1 0 84 74 199 0 34 48.5059 14.0816 17.0738 79.4816
496 1 0 81 69 183 0 44 52.3738 14.5332 16.7591 89.5512
497 1 0 72 53 169 0 58 49.9771 14.2681 18.4232 97.6842
498 1 0 59 47 163 0 68 56.936 15.2606 25.3533 99.2496
499 1 0 60 38 157 0 75 63.5711 18.2212 25.2317 107.246
500 1 0 57 34 151 0 84 68.0858 18.074 32.8286 110.188
501 1 0 62 35 139 0 90 71.8954 17.5056 26.7237 118.373
502 1 0 82 34 103 0 97 75.0887 16.6678 38.1061 104.044
503 1 0 80 32 92 0 104 76.8461 18.7964 37.3846 119.752
504 1 0 64 36 72 0 117 72.5146 17.8621 20.3002 107.233
505 1 0 62 37 66 0 122 73.0579 17.2952 24.864 122.906
506 1 0 62 32 60 0 128 72.8171 18.2542 19.7787 114.834
507 1 0 50 27 57 0 136 76.1116 19.1649 44.9396 134.874
508 1 0 50 24 42 0 145 73.7587 18.4922 37.3407 127.652
509 1 0 45 28 36 0 149 72.7179 16.4905 44.7228 116.551
510 1 0 45 29 31 0 153 73.6192 16.3181 42.4273 109.478
511 1 0 39 26 33 0 159 76.9738 17.7174 36.4549 119.804
512 1 0 36 23 31 0 166 78.4648 18.4295 40.6267 119.127
513 1 0 24 18 37 0 170 70.5157 17.1968 28.493 104.786
514 1 0 20 16 37 0 175 67.6785 17.0976 30.5885 99.4374
515 1 0 22 15 33 0 176 67.4258 15.3291 45.0898 109.569
516 1 0 26 13 27 0 179 70.8273 18.1522 38.4309 117.182
517 1 0 25 9 32 0 182 69.2737 16.3711 38.2067 117.906
518 1 0 23 9 34 0 184 70.8068 15.7417 39.3551 116.985
519 1 0 22 9 30 0 188 70.3315 15.8241 33.6894 112.198
520 1 0 21 7 27 0 191 70.5887 13.7797 42.8257 103.365
521 1 0 19 7 25 0 196 74.3348 16.7444 39.3731 105.231
522 1 0 23 8 19 0 197 78.7784 17.8994 37.3446 108.201
523 1 0 18 7 17 0 203 80.0374 19.9521 46.6064 144.311
524 1 0 12 8 17 0 207 78.9253 21.5745 58.3556 145.852
525 1 0 12 8 15 0 209 82.2859 21.6742 61.8468 145.921
526 1 0 16 8 11 0 210 80.504 17.7653 49.8462 110.209
527 1 0 14 6 9 0 214 76.902 18.1857 46.8616 104.422
528 1 0 11 6 9 0 217 77.5312 19.4974 47.1524 103.447
529 1 0 12 6 8 0 217 77.8062 19.1962 45.2959 103.128
530 1 0 12 6 6 0 219 80.8178 20.7629 45.1122 112.221
531 1 0 9 7 6 0 220 80.5693 20.7812 45.419 106.891
532 1 0 10 7 4 0 220 67.7832 19.3087 26.7122 96.5099
533 1 0 9 8 4 0 220 68.4324 19.8685 26.8306 88.4248
534 1 0 9 7 4 0 220 68.2658 22.6202 15.0667 87.9667
535 1 0 7 7 4 0 220 58.9311 15.2338 32.8751 74.4252
536 1 0 8 8 2 0 214 51.2255 15.8735 28.6758 84.7671
537 1 0 8 6 6 0 208 44.0412 13.9888 26.0547 57.9532
538 0.959642 0 8 6 6 0 194 29.1698 10.5207 18.6042 49.0254
539 0.888291 0 7 7 6 0 184 17.664 9.58356 4.12115 27.2596
540 0.779605 0 7 6 8 0 169 4.85469 2.79966 1.66836 8.70514
541 0.706042 0 7 5 10 0 159 3.1322 1.61799 0.678373 5.58121
542 0.660134 0 7 4 12 0 153 2.3434 1.1749 0.528949 4.21989
543 0.634415 0 6 5 12 0 145 1.88496 1.0556 0.475237 3.15796
544 0.608695 0 6 5 14 0 138 1.43536 0.876187 0.282701 2.30864
545 0.575785 0 5 5 16 0 130 1.14708 0.873769 0.197278 2.08062
546 0.540663 0 9 5 12 0 124 0.925084 0.760923 0.0812823 2.1122
547 0.477608 0 8 6 12 0 112 0.518425 0.448627 0.0393537 1.05284
548 0.456867 0 8 5 14 0 107 0.57882 0.734546 0.02645 2.26628
549 0.433913 0 10 5 12 0 102 0.399186 0.472544 0.0215275 1.45348
550 0.385793 0 10 7 10 0 95 0.426074 0.515311 0.0208924 1.87564
551 0.35233 0 11 8 8 0 86 0.41972 0.524144 0.0140439 2.10342
552 0.333524 0 11 7 10 0 81 0.303933 0.334399 0.00631639 1.26366
553 0.319973 0 14 6 10 0 77 0.28757 0.320282 0.00179081 1.03259
554 0.298955 0 16 5 10 0 71 0.211805 0.203766 0.000367144 0.681076
555 0.275448 0 14 7 10 0 64 0.12603 0.127753 7.74968e-05 0.462431
556 0.241985 0 13 7 12 0 58 0.106317 0.0997547 1.57859e-05 0.327071
557 0.223732 0 15 7 10 0 52 0.101357 0.0908484 3.42652e-06 0.280914
558 0.222626 0 14 8 10 0 51 0.071256 0.0692318 6.30348e-07 0.260708
559 0.211564 0 14 6 14 0 48 0.0590929 0.0488209 1.13173e-07 0.146136
560 0.206033 0 14 5 16 0 45 0.0904581 0.200067 2.19048e-08 0.144826
561 0.203267 0 15 6 14 0 43 0.106459 0.242418 4.84898e-09 0.190034
562 0.192758 0 17 7 12 0 38 0.203833 0.369685 1.03869e-09 1.5538
563 0.179483 0 19 7 10 0 34 0.14036 0.249786 2.26309e-10 0.988733
564 0.168421 0 16 8 14 0 29 0.131073 0.305975 8.28499e-11 1.41495
565 0.167868 0 16 9 14 0 28 0.1311 0.274972 1.77095e-11 1.103
566 0.15487 0 15 10 14 0 23 0.102538 0.20228 4.02579e-12 0.728671
567 0.144361 0 15 9 16 0 18 0.0748613 0.146241 8.6622e-13 0.543559
568 0.141596 0 18 10 12 0 16 0.0595857 0.120058 1.58332e-13 0.477955
569 0.140766 0 17 13 10 0 15 0.149072 0.363309 1.34957e-13 1.64896
570 0.124726 0 16 13 12 0 10 0.0804279 0.15711 1.22859e-13 0.618532
571 0.118918 0 18 11 14 0 7 0.0650396 0.102652 1.22859e-13 0.357131
572 0.120854 0 17 12 14 0 7 0.0458047 0.0764016 1.09024e-13 0.296159
573 0.117812 0 21 9 16 0 5 0.138327 0.270585 3.02593e-07 1.34792
574 0.115046 0 20 10 18 0 4 0.101023 0.159863 6.63178e-08 0.76798
575 0.115046 0 19 10 20 0 3 0.0919914 0.141117 1.35256e-08 0.586043
576 0.117812 0 16 15 18 0 3 0.0820348 0.128165 2.64738e-09 0.424182
577 0.117812 0 16 14 20 0 2 0.0792304 0.120362 4.91593e-10 0.396544
578 0.113111 0 15 12 26 0 0 0.0976476 0.140842 0.00143106 0.341936
579 0.116706 0 14 14 26 0 0 0.148723 0.268664 0.0021165 1.31096
580 0.120301 0 18 14 22 0 0 0.120997 0.1695 0.00165493 0.634825
581 0.123343 0 16 15 24 0 0 0.160094 0.259364 0.00130041 0.767692
582 0.126662 0 22 15 18 0 0 0.173468 0.259801 0.00107866 0.689132
583 0.129151 0 24 14 20 0 0 0.159193 0.222442 0.00012279 0.582496
584 0.131916 0 23 16 20 0 0 0.140873 0.215928 8.62627e-05 0.92015
585 0.134682 0 21 13 30 0 0 0.152871 0.258318 7.82904e-06 1.13544
586 0.13883 0 22 14 28 0 0 0.22577 0.389617 1.34145e-07 1.51016
587 0.142702 0 26 15 24 0 0 0.196102 0.317602 2.87684e-07 1.59576
588 0.14602 0 26 14 28 0 0 0.278782 0.645544 1.25545e-07 3.49508
589 0.149892 0 23 17 28 0 0 0.249286 0.557915 4.12211e-08 3.076
590 0.153764 0 23 17 30 0 0 0.405746 0.865463 1.15166e-08 3.57917
591 0.157912 0 21 19 30 0 0 0.325787 0.651648 3.13817e-09 2.70371
592 0.162061 0 27 17 28 0 0 0.275256 0.490625 8.35244e-10 1.90601
593 0.165932 0 29 14 32 0 0 0.300845 0.492545 1.96143e-10 1.65018
594 0.170357 0 37 14 26 0 0 0.438468 0.76579 4.79817e-11 4.21005
595 0.173952 0 32 18 28 0 0 0.380656 0.577383 1.12126e-11 2.90444
596 0.177824 0 28 22 30 0 0 0.338969 0.48473 0.000367391 2.39675
597 0.181972 0 30 24 28 0 0 0.321164 0.443449 6.98519e-05 2.15514
598 0.185844 0 24 27 34 0 0 0.235381 0.328861 1.21512e-05 1.12096
599 0.190546 0 25 28 34 0 0 0.237803 0.283453 2.3859e-06 0.766268
600 0.195247 0 22 29 38 0 0 0.202399 0.302844 4.21161e-07 0.663454
601 0.200502 0 26 29 34 0 0 0.220876 0.300162 8.06591e-08 0.987458
602 0.205203 0 30 31 28 0 0 0.245581 0.334651 0.00360145 1.74492
603 0.209075 0 33 30 28 0 0 0.250521 0.315443 0.00485676 1.33894
604 0.212946 0 34 26 36 0 0 0.241503 0.335142 0.00755717 1.56943
605 0.217924 0 37 21 44 0 0 0.301501 0.493095 0.00522376 1.985
606 0.224009 0 39 19 48 0 0 0.308234 0.417064 0.0108123 1.83833
607 0.230646 0 40 18 54 0 0 0.60912 0.888265 0.00901294 3.77713
608 0.238113 0 39 20 56 0 0 0.479524 0.633251 0.0146861 3.12437
609 0.245856 0 38 22 58 0 0 0.585406 0.763387 0.0142581 4.44081
610 0.253876 0 34 26 58 0 0 0.584035 0.862626 0.0118724 5.60349
611 0.261896 0 30 28 62 0 0 0.596124 0.924214 0.0177879 5.90281
612 0.27047 0 33 28 60 0 0 0.587764 0.980409 0.00864896 6.38062
613 0.278766 0 41 29 52 0 0 0.617062 1.16839 0.012419 8.23047
614 0.285957 0 49 32 42 0 0 0.642255 1.20668 0.0200461 8.40385
615 0.291764 0 55 32 38 0 0 0.774738 1.60696 0.00911924 9.10435
616 0.297019 0 59 35 36 0 0 0.836215 1.42095 0.0196371 6.79201
617 0.301997 0 59 36 40 0 0 0.968774 1.41179 0.00410265 5.81735
618 0.307528 0 63 33 44 0 0 0.898244 1.13436 0.00501576 5.08764
619 0.313612 0 54 38 52 0 0 0.976174 1.1828 0.0184784 4.99485
620 0.320802 0 55 37 56 0 0 0.963067 1.05396 0.00193322 4.81334
621 0.328546 0 48 45 56 0 0 0.895539 0.964594 0.0126035 4.36707
622 0.336289 0 48 45 58 0 0 0.86839 0.944981 0.00299147 3.49875
623 0.34431 0 45 46 64 0 0 0.930213 0.986304 0.0185374 3.93702
624 0.353159 0 45 48 64 0 0 0.885282 0.89637 0.0210218 3.71494
625 0.362009 0 51 44 70 0 0 1.01589 1.07188 0.0202665 3.50789
626 0.371688 0 53 46 72 0 0 1.17898 1.33225 0.0162824 5.42807
627 0.381644 0 56 51 66 0 0 1.1003 1.24202 0.0497281 4.21143
628 0.390771 0 61 45 76 0 0 1.1813 1.27489 0.0322024 4.61687
629 0.40128 0 64 47 74 0 0 1.13295 1.3043 0.00837411 5.72091
630 0.411512 0 61 43 90 0 0 1.37036 1.95177 0.00372431 5.80383
631 0.423957 0 62 44 90 0 0 1.48196 2.20828 0.00831564 10.779
632 0.436402 0 68 41 92 0 0 1.83726 2.33735 0.00982949 13.4221
633 0.449123 0 68 41 96 0 0 2.07402 2.69617 0.00198402 15.0626
634 0.462398 0 75 46 88 0 0 2.26856 3.03529 0.00439679 16.5277
635 0.474566 0 84 41 92 0 0 2.5472 3.33272 0.0110456 17.767
636 0.487288 0 80 42 102 0 0 2.31757 3.34783 0.00458079 21.6941
637 0.501392 0 91 46 90 0 0 2.72585 3.627 0.000839608 20.5014
638 0.513837 0 85 53 94 0 0 2.88344 3.43485 0.00367024 17.429
639 0.526835 0 92 59 86 0 0 3.20552 3.61121 0.00297383 18.4318
640 0.538727 0 85 67 88 0 0 3.34188 3.62155 0.00212988 15.8063
641 0.550895 0 88 72 82 0 0 2.92433 3.06995 0.00600022 14.0673
642 0.562234 0 86 78 82 0 0 2.82419 2.92273 0.0107072 12.6479
643 0.573573 0 85 78 92 0 0 3.06169 3.03377 0.0165444 14.1802
644 0.586294 0 90 86 82 0 0 3.25264 3.00146 0.0162461 13.0981
645 0.597633 0 96 86 84 0 0 3.51499 3.04912 0.0130412 12.368
646 0.609248 0 96 85 92 0 0 4.14857 3.4133 0.0295233 14.636
647 0.62197 0 97 82 106 0 0 4.61128 3.83929 0.0827062 16.5781
648 0.636627 0 93 85 118 0 0 5.24791 4.39843 0.0130541 18.4603
649 0.652944 0 87 86 134 0 0 5.67779 4.50757 0.0182435 19.727
650 0.671473 0 84 86 144 0 0 5.96741 4.73138 0.0275349 19.5777
651 0.691385 0 84 84 156 0 0 7.7305 5.77544 0.0258832 27.9023
652 0.712956 0 95 82 156 0 0 9.89136 6.61945 0.335361 26.4355
653 0.734527 0 96 76 172 0 0 11.6905 7.19613 0.575446 32.6234
654 0.758311 0 104 76 172 0 0 14.0844 8.4413 0.17497 37.6425
655 0.779605 0.00248898 104 83 170 1 0 16.1747 9.2685 0.105037 42.6485
656 0.803112 0.00248898 122 80 164 1 0 18.4603 10.6065 0.373498 48.5693
657 0.82579 0.00248898 127 83 170 1 0 21.3613 11.9009 0.605936 48.8672
658 0.849297 0.00248898 136 84 172 1 0 24.0091 13.4336 0.424981 58.5831
659 0.87308 0.00248898 138 87 172 1 1 13.6932 6.78982 0.119041 37.1723
660 0.896864 0.00248898 148 89 168 1 1 17.9865 8.42332 0.474236 43.8798
661 0.920095 0.00248898 155 93 164 1 1 22.1917 10.2231 0.2323 46.6785
662 0.942772 0.00248898 158 100 152 1 3 16.9082 7.06477 0.497002 36.9167
663 0.96379 0.00248898 169 97 152 1 3 21.9525 8.58775 1.61868 44.4617
664 0.984808 0.00248898 164 101 166 1 3 27.5777 10.407 3.58694 55.6946
665 1 0 170 103 160 0 4 28.8684 9.51858 9.26601 55.679
666 1 0 165 102 162 0 8 34.9807 10.8307 1.67974 58.98
667 1 0 160 96 162 0 15 39.6356 10.7403 14.1581 66.9711
668 1 0 127 101 164 0 24 43.9049 11.4875 11.6903 70.4522
669 1 0 109 92 168 0 34 48.3126 12.5654 18.9224 87.9253
670 1 0 90 65 168 0 49 52.9378 14.9571 10.3516 100.729
671 1 0 79 55 172 0 58 54.2664 15.202 22.8996 81.4655
672 1 0 73 45 158 0 68 55.8888 14.1817 30.0782 108.27
673 1 0 76 40 146 0 77 59.7729 15.4123 25.717 96.3747
674 1 0 66 39 140 0 84 61.9149 16.4919 26.1565 119.44
675 1 0 62 33 113 0 95 56.1851 15.1561 22.6395 87.3126
676 1 0 63 32 95 0 103 61.2943 18.2935 25.9539 99.4224
677 1 0 65 28 89 0 110 59.8281 15.9597 20.4764 95.3356
678 1 0 52 22 75 0 126 60.5841 16.3989 29.6589 106.524
679 1 0 52 22 63 0 132 61.3357 18.2284 23.0778 102.931
680 1 0 49 21 49 0 141 63.2037 17.1942 28.4001 103.193
681 1 0 36 30 47 0 146 63.9488 17.1753 37.1283 90.595
682 1 0 41 26 40 0 151 67.012 18.8746 42.6256 108.574
683 1 0 36 28 34 0 156 62.8149 19.8072 20.3795 103.426
684 1 0 33 26 36 0 160 63.3973 17.232 26.8288 81.7247
685 1 0 29 24 34 0 164 64.7817 19.7764 38.5386 112.678
686 1 0 32 16 26 0 171 65.6081 19.8043 40.6782 112.124
687 1 0 30 17 22 0 176 66.9842 19.1876 42.9132 109.233
688 1 0 29 15 22 0 179 63.4974 17.3617 38.3303 103.109
689 1 0 26 17 24 0 179 64.4689 17.8193 32.4342 103.124
690 1 0 16 14 30 0 184 61.3213 21.1132 23.8892 94.0113
691 1 0 22 16 22 0 184 64.457 20.1897 24.5381 95.9681
692 1 0 16 14 28 0 188 67.0628 17.2863 40.0871 101.413
693 1 0 20 13 24 0 188 63.3364 17.9217 38.7679 97.7378
694 1 0 21 12 26 0 189 68.7353 18.6919 41.0148 99.2769
695 1 0 20 11 24 0 192 68.8217 18.8829 40.7687 99.0958
696 1 0 20 10 26 0 191 66.3654 17.9631 31.3843 93.012
697 1 0 12 9 24 0 198 60.9335 19.9036 22.6381 103.133
698 1 0 13 4 28 0 201 58.551 18.4197 34.7024 99.4056
699 1 0 16 3 22 0 204 66.6116 18.586 38.0829 101.292
700 1 0 13 4 24 0 204 68.1545 18.6614 34.6842 99.638
701 1 0 17 3 20 0 206 72.7798 18.7441 36.3426 104.732
702 1 0 15 5 20 0 205 68.8196 17.1867 38.6684 100.063
703 1 0 18 7 14 0 206 69.0999 15.5683 30.3833 92.046
704 1 0 15 10 14 0 206 69.4673 15.8807 29.1693 91.8223
705 1 0 16 11 10 0 205 68.753 20.3404 30.9243 108.508
706 1 0 13 13 10 0 206 67.2622 19.5937 42.1045 109.023
707 1 0 18 13 4 0 207 68.1392 19.1747 31.1457 100.113
708 1 0 11 13 4 0 210 61.4588 16.836 25.4492 85.2888
709 1 0 11 13 4 0 207 45.3871 15.971 16.1189 65.769
710 1 0 13 11 4 0 201 37.1275 12.7926 14.5236 56.681
711 1 0 11 11 8 0 194 33.7371 10.4589 16.9507 47.0869
712 0.967662 0 11 9 12 0 184 19.2745 10.5172 2.72052 36.1541
713 0.84985 0 8 10 16 0 170 7.20824 4.21629 1.53191 12.967
714 0.812239 0 8 10 16 0 163 5.05898 3.09704 0.653931 8.71233
715 0.74476 0 7 9 20 0 153 3.95383 3.10534 0.991947 11.2083
716 0.715168 0 7 9 20 0 147 2.26387 1.55559 0.567684 3.17346
717 0.67811 0 6 8 24 0 140 1.23446 0.708365 0.42362 1.96408
718 0.609248 0 8 7 24 0 129 1.27676 1.19242 0.280479 5.20276
719 0.560298 0 8 9 22 0 121 0.788441 0.719622 0.360611 3.00399
720 0.530983 0 12 7 22 0 113 0.628183 0.682943 0.0843076 1.89243
721 0.444422 0 16 7 18 0 97 0.327604 0.362246 0.00250892 1.21044
722 0.42451 0 18 6 20 0 91 0.21336 0.252199 0.00668774 0.799822
723 0.387452 0 18 6 20 0 82 0.1298 0.172712 0.000198543 0.644374
724 0.375284 0 22 5 18 0 77 0.110683 0.152339 0.000208302 0.570722
725 0.357861 0 20 7 18 0 72 0.0868386 0.116131 0.000213841 0.426283
726 0.337949 0 23 7 16 0 67 0.0887189 0.102734 0 0.341379
727 0.327716 0 21 11 14 0 63 0.0589632 0.0712883 0 0.239623
728 0.304762 0 17 13 18 0 58 0.0769705 0.227028 0 1.26888
729 0.277384 0 17 17 14 0 51 0.0548713 0.123014 0 0.694466
730 0.264385 0 15 19 14 0 46 0.0430718 0.0863173 0 0.448189
731 0.256365 0 20 18 12 0 43 0.0969687 0.194459 1.86985e-07 0.386858
732 0.258025 0 18 20 12 0 43 0.0572005 0.123606 4.0597e-08 0.284987
733 0.234794 0 19 21 10 0 36 0.0357056 0.0951537 8.66465e-09 0.252177
734 0.236177 0 18 20 14 0 36 0.0357001 0.0826121 1.72862e-09 0.220982
735 0.225668 0 20 19 14 0 32 0.0391911 0.084088 3.90839e-10 0.30359
736 0.225115 0 18 17 22 0 31 0.0438154 0.0909106 8.72033e-11 0.346708
737 0.225668 0 20 15 26 0 30 0.0701804 0.113942 2.5049e-09 0.457508
738 0.219307 0 18 13 34 0 27 0.0356455 0.0581525 4.76963e-10 0.250425
739 0.22152 0 17 12 38 0 26 0.0447628 0.0729988 7.37344e-07 0.338531
740 0.199395 0 18 14 36 0 19 0.0574736 0.0872369 7.03944e-07 0.404789
741 0.196906 0 17 13 40 0 16 0.0859751 0.100653 3.15078e-07 0.400791
742 0.192481 0 14 15 42 0 13 0.075178 0.088207 1.41379e-07 0.394947
743 0.1958 0 17 15 40 0 12 0.11638 0.229947 6.24366e-08 1.28423
744 0.196353 0 15 19 38 0 10 0.125648 0.190286 2.71729e-08 0.660452
745 0.201608 0 22 18 34 0 10 0.116172 0.162433 0 0.567099
746 0.20382 0 29 17 30 0 9 0.123621 0.179541 0 0.743681
747 0.207968 0 35 17 26 0 9 0.101704 0.161685 2.65899e-09 0.698579
748 0.206586 0 37 18 24 0 8 0.0670154 0.0946711 1.25148e-09 0.329963
749 0.207415 0 36 18 28 0 7 0.0608101 0.088418 9.63308e-05 0.440282
750 0.208798 0 38 19 26 0 6 0.0998459 0.249794 2.00544e-05 1.37721
751 0.19497 0 37 19 30 0 2 0.136294 0.305794 4.29723e-06 1.79728
752 0.19663 0 32 25 30 0 1 0.103402 0.182636 9.09944e-07 0.647133
753 0.198289 0 30 23 38 0 0 0.0920368 0.144774 1.61599e-07 0.468647
754 0.203544 0 31 25 36 0 0 0.103647 0.172204 9.20974e-05 0.893777
755 0.208522 0 32 27 34 0 0 0.109256 0.160034 9.19782e-05 0.669098
756 0.213223 0 35 26 34 0 0 0.111686 0.185493 9.21144e-05 0.861394
757 0.217924 0 36 25 36 0 0 0.131399 0.184813 9.23026e-05 0.562484
758 0.222902 0 38 26 36 0 0 0.107923 0.133585 9.25029e-05 0.491835
759 0.22788 0 37 27 38 0 0 0.0998855 0.136225 0.00143648 0.641815
760 0.233135 0 38 29 38 0 0 0.137427 0.177761 0.00093351 0.718915
761 0.238389 0 36 26 50 0 0 0.180866 0.234257 0.000273231 0.98353
762 0.245303 0 40 28 46 0 0 0.19992 0.293985 7.83165e-05 1.6124
763 0.251664 0 40 27 50 0 0 0.196718 0.238492 2.25169e-05 1.04105
764 0.258578 0 38 28 54 0 0 0.185676 0.246931 6.48658e-06 1.2546
765 0.266045 0 38 31 52 0 0 0.161169 0.203011 1.95046e-06 0.956116
766 0.273235 0 35 37 50 0 0 0.145021 0.18091 5.2204e-07 0.951432
767 0.280149 0 37 37 52 0 0 0.188455 0.239997 1.45245e-07 1.22201
768 0.287339 0 40 35 54 0 0 0.201709 0.291425 4.1375e-08 1.93967
769 0.294806 0 40 36 58 0 0 0.270573 0.410101 1.1751e-08 2.07093
770 0.302826 0 50 36 52 0 0 0.413462 0.729575 3.53806e-09 4.88836
771 0.310017 0 50 36 56 0 0 0.454423 0.746844 1.05698e-09 4.2918
772 0.31776 0 53 37 54 0 0 0.458599 0.714835 3.08205e-10 3.86065
773 0.325227 0 54 38 56 0 0 0.461605 0.863809 8.65854e-11 5.35657
774 0.332971 0 52 38 62 0 0 0.586306 0.975343 2.57322e-11 5.41153
775 0.339055 0.00248898 50 34 74 1 0 0.748741 1.13925 0.00428081 5.14179
776 0.349288 0.00248898 54 34 74 1 0 0.928253 1.37492 0.00526852 5.86591
777 0.35952 0.00248898 58 35 70 1 0 0.818226 1.16155 0.00522207 4.50707
778 0.369199 0.00248898 61 36 72 1 0 0.732349 0.934239 0.00548716 3.74192
779 0.379155 0.00248898 61 40 72 1 0 0.711468 1.02085 0.00132167 5.19076
780 0.389111 0.00248898 64 41 72 1 0 0.646562 0.855965 0.000977931 3.8532
781 0.399067 0.00248898 62 44 74 1 0 0.725577 0.89559 0.00169891 3.66295
782 0.4093 0.00248898 66 43 76 1 0 0.864365 1.01394 0.00139245 4.17806
783 0.419809 0.00248898 67 46 76 1 0 0.916611 1.00606 0.00401036 4.21631
784 0.430318 0.00248898 79 45 68 1 0 0.889526 0.994047 0.00506221 4.83511
785 0.439721 0 79 49 68 0 0 0.920323 1.07557 0.00591628 5.69325
786 0.449123 0 73 55 70 0 0 0.867156 1.13822 0.00790526 6.57288
787 0.458803 0 76 57 72 0 0 0.823022 1.03671 0.00728032 4.34506
788 0.468759 0 76 57 80 0 0 0.938851 1.23191 0.0073641 4.73452
789 0.479821 0 78 58 82 0 0 1.26173 1.68046 0.0121708 7.6377
790 0.49116 0 77 59 88 0 0 1.41421 1.85866 0.0128699 7.58968
791 0.503328 0 82 60 86 0 0 1.51307 1.95598 0.0211765 8.17572
792 0.51522 0 82 61 92 0 0 1.81954 2.25526 0.0187286 9.2948
793 0.527941 0 83 64 90 0 0 1.78532 2.25156 0.0119103 9.46394
794 0.540386 0 85 62 98 0 0 1.84077 2.3407 0.0116193 10.6555
795 0.553937 0 75 68 110 0 0 2.39516 2.90631 0.0231481 11.9605
796 0.569148 0 82 66 114 0 0 2.3191 3.0634 0.0236509 14.1874
797 0.584911 0 93 63 114 0 0 3.1358 4.23564 0.0212273 18.5834
798 0.600675 0 98 62 116 0 0 3.34163 4.49774 0.0162657 18.9978
799 0.616715 0 98 67 118 0 0 3.91376 5.01588 0.021886 20.9066
800 0.633032 0 99 69 120 0 0 3.9339 5.17318 0.0104318 20.3632
