0 0.0174229 0 6 1 0 0 0 0.00103892 0.00119965 0 0.00242468
1 0.0174229 0 5 2 0 0 0 0.000128899 0.00014884 0 0.000300947
2 0.0174229 0 5 2 0 0 0 0.000122054 0.000140936 0 0.000284962
3 0.0174229 0 5 2 0 0 0 0.000115746 0.000133652 0 0.000270228
4 0.0174229 0 2 5 0 0 0 0.000109917 0.000126922 0 0.000256431
5 0.0174229 0 2 5 0 0 0 0.000104522 0.000120692 0 0.000243845
6 0.0174229 0 2 5 0 0 0 9.95176e-05 0.000114913 0 0.000232171
7 0.0174229 0 2 5 0 0 0 9.48667e-05 0.000109543 0 0.000221322
8 0.0174229 0 2 5 0 0 0 9.05369e-05 0.000104543 0 0.000211221
9 0.0174229 0 2 4 2 0 0 6.45141e-05 9.12367e-05 0 0.000193481
10 0.0176994 0 2 3 4 0 0 7.38985e-05 9.05068e-05 0 0.00018469
11 0.0182526 0 2 3 4 0 0 7.04118e-05 8.62365e-05 0 0.000175977
12 0.0188057 0 2 3 4 0 0 6.71248e-05 8.22108e-05 0 0.000167763
13 0.0193588 0 2 0 10 0 0 8.038e-05 8.038e-05 0 0.00016076
14 0.0207415 0 2 0 10 0 0 7.71265e-05 7.71265e-05 0 0.000154253
15 0.0221243 0 1 1 10 0 0 7.3668e-05 7.3668e-05 0 0
16 0.0235071 0 1 1 10 0 0 7.07274e-05 7.07274e-05 0 0
17 0.0248898 0 1 1 10 0 0 6.78831e-05 6.78831e-05 0 0
18 0.0262726 0 3 1 8 0 0 0.0745842 0.0951871 0 0.232859
19 0.0273788 0 5 1 6 0 0 0.0222161 0.0300205 0 0.0869518
20 0.0282085 0 5 1 6 0 0 0.0100303 0.0164526 0 0.0456459
21 0.0290382 0 4 2 6 0 0 0.00575284 0.00991215 0.000164783 0.0272233
22 0.0298678 0 9 3 0 0 0 0.0539897 0.0698455 2.48189e-05 0.201054
23 0.0298678 0 8 4 0 0 0 0.0205185 0.0261423 2.73447e-06 0.0760719
24 0.0298678 0 8 3 2 0 0 0.0120413 0.0139221 7.46365e-08 0.0400687
25 0.0301444 0 6 5 2 0 0 0.00564669 0.00630215 7.91665e-09 0.0180558
26 0.0304209 0 6 5 2 0 0 0.00352488 0.00385708 1.4259e-09 0.0109458
27 0.0306975 0 6 5 2 0 0 0.00230943 0.00249293 7.95809e-11 0.00699018
28 0.030974 0 5 6 2 0 0 0.00182593 0.00196006 8.1854e-12 0.00545318
29 0.0312506 0 4 7 2 0 0 0.00149485 0.00159863 1.0199e-12 0.00441559
30 0.0315271 0 3 7 4 0 0 0.00139711 0.00135709 1.52757e-13 0.00371923
31 0.0320802 0 3 6 6 0 0 0.00176674 0.00201529 2.6404e-14 0.00320119
32 0.0329099 0 1 7 8 0 0 0.0162276 0.0376652 0.00274184 0.00274184
33 0.0340161 0 2 8 6 0 0 0.0296827 0.0495985 0.0272924 0.138168
34 0.0348458 0 2 6 10 0 0 0.0355611 0.0368015 0.00778227 0.0495913
35 0.0362286 0 2 6 10 0 0 0.0326893 0.0382633 0.00366723 0.0262481
36 0.0376113 0 1 7 10 0 0 0.0325381 0.0404694 0.0166186 0.0166186
37 0.0389941 0 0 7 12 0 0 0.0365564 0.0448107 inf -100
38 0.0406534 0 0 6 14 0 0 0.0251603 0.0395796 inf -100
39 0.0425893 0 2 5 14 0 0 0.00972749 0.00964792 0.0157917 0.0157917
40 0.0445252 0 4 5 12 0 0 0.00958009 0.0118543 0.00176678 0.0350372
41 0.0461845 0 6 3 14 0 0 0.0687404 0.130264 0.000238125 0.421642
42 0.0481204 0 6 2 16 0 0 0.0881517 0.113958 4.02535e-05 0.344615
43 0.0503328 0 8 4 12 0 0 0.105415 0.114147 8.31763e-06 0.329457
44 0.0519921 0 6 6 12 0 0 0.079761 0.0962888 0.00419128 0.299426
45 0.0536514 0 5 6 14 0 0 0.0938491 0.0963419 0.0131003 0.305807
46 0.0555873 0 7 5 14 0 0 0.169121 0.239455 0.00918198 0.906507
47 0.0575232 0 9 5 12 0 0 0.169403 0.202896 0.0104005 0.738291
48 0.0591825 0 11 5 10 0 0 0.147231 0.175618 0.00902902 0.673521
49 0.0605653 0 11 5 10 0 0 0.0782758 0.0838681 0.00684742 0.291928
50 0.0619481 0 14 6 6 0 0 0.0831849 0.139849 0.00739529 0.64002
51 0.0627777 0 13 9 4 0 0 0.0749368 0.108149 0.000740919 0.410853
52 0.0633308 0 9 11 8 0 0 0.127201 0.36887 0.000161859 0.109828
53 0.064437 0 7 11 12 0 0 0.149438 0.272968 3.20517e-05 0.0888705
54 0.0660964 0 7 12 12 0 0 0.13791 0.204314 0.011718 0.247482
55 0.0677557 0 8 13 10 0 0 0.136682 0.192669 0.0184471 0.573924
56 0.0691385 0 8 13 10 0 0 0.0997925 0.150264 0.016174 0.258033
57 0.0705212 0 7 14 10 0 0 0.0837526 0.134092 0.0141326 0.150153
58 0.071904 0 5 16 10 0 0 0.0763713 0.126975 0.0124371 0.102359
59 0.0732868 0 4 16 12 0 0 0.0782006 0.142631 0.010992 0.0394274
60 0.0749461 0 4 13 18 0 0 0.134003 0.211639 0.00972868 0.0292023
61 0.0774351 0 8 9 22 0 0 0.125973 0.158254 0.00858406 0.294083
62 0.0804772 0 12 7 22 0 0 0.118185 0.152321 0.0057824 0.447636
63 0.0835193 0 13 6 24 0 0 0.0686586 0.0729309 0.00349235 0.212597
64 0.0868379 0 11 7 26 0 0 0.0567943 0.0629277 0.000871601 0.207339
65 0.0904331 0 10 8 26 0 0 0.0671156 0.0794961 0.000200979 0.239847
66 0.0940283 0 10 7 28 0 0 0.0699796 0.100225 6.01527e-05 0.37018
67 0.0979001 0 10 5 32 0 0 0.0520188 0.0755503 3.13006e-05 0.245476
68 0.102325 0 11 5 32 0 0 0.113717 0.164923 2.44988e-05 0.681336
69 0.10675 0 17 5 26 0 0 0.183265 0.274779 2.29757e-05 0.957397
70 0.110345 0 24 6 18 0 0 0.252116 0.410541 0.00151766 1.72585
71 0.112834 0 27 7 14 0 0 0.157432 0.244491 0.00152991 1.2309
72 0.11477 0 29 8 12 0 0 0.131806 0.188169 0.00599566 0.926748
73 0.116429 0 26 11 14 0 0 0.0938915 0.137941 0.00334666 0.785761
74 0.118365 0 23 13 16 0 0 0.112045 0.168455 0.00643874 0.800675
75 0.120577 0 25 13 14 0 0 0.133121 0.168113 0.00315168 0.730373
76 0.122513 0 28 14 10 0 0 0.164192 0.247897 0.000692146 0.831555
77 0.123896 0 27 16 10 0 0 0.197375 0.338197 0.000722162 1.61304
78 0.125279 0 26 17 10 0 0 0.147451 0.249316 0.00158311 0.73379
79 0.126662 0 24 18 12 0 0 0.129751 0.232673 0.00212594 0.599841
80 0.128321 0 22 19 14 0 0 0.21785 0.381414 0.00251746 0.923935
81 0.130257 0 22 19 16 0 0 0.180465 0.338213 0.00277759 1.08354
82 0.132469 0 26 14 22 0 0 0.258879 0.390363 0.00591878 1.17354
83 0.135511 0 27 12 26 0 0 0.401736 0.649367 9.27873e-05 3.7743
84 0.139107 0 27 12 26 0 0 0.334714 0.446369 0.00246631 2.39637
85 0.142702 0 23 15 28 0 0 0.373544 0.641597 0.00345755 3.61798
86 0.146574 0 24 13 32 0 0 0.353197 0.439406 0.00610287 2.50011
87 0.150998 0 19 17 34 0 0 0.489619 0.706904 0.029914 3.11039
88 0.1557 0 19 17 36 0 0 0.561928 0.846562 0.0345738 3.67401
89 0.160678 0 19 17 38 0 0 0.774598 1.21427 0.0378945 5.25163
90 0.165932 0 22 16 38 0 0 0.797689 1.07485 0.0404283 3.99621
91 0.171187 0 29 19 28 0 0 0.713107 0.835975 0.0118008 3.05805
92 0.175059 0 32 21 24 0 0 0.645058 0.664173 0.0195291 2.46959
93 0.178377 0 31 22 24 0 0 0.540892 0.555444 0.0119712 2.09521
94 0.181696 0 28 23 30 0 0 0.652177 0.727524 0.0173366 3.0362
95 0.185844 0 29 27 26 0 0 0.532154 0.605396 0.0179015 1.99676
96 0.189439 0 29 24 34 0 0 0.527315 0.558985 0.00897062 1.82068
97 0.194141 0 32 23 34 0 0 0.460335 0.430202 0.0416947 1.51472
98 0.198842 0 34 23 34 0 0 0.433702 0.391663 0.0209946 1.52008
99 0.203544 0 34 26 32 0 0 0.409573 0.422841 0.00887403 1.95004
100 0.207968 0 30 27 38 0 0 0.395733 0.437368 0.00688841 1.79937
101 0.213223 0 30 26 42 0 0 0.336941 0.366066 0.00994315 1.69334
102 0.219031 0 29 26 44 0 0 0.374798 0.401034 0.0277476 1.69562
103 0.225115 0 37 21 46 0 0 0.489938 0.548715 0.0537796 1.91952
104 0.231476 0 36 19 54 0 0 0.624787 0.623327 0.0106952 1.95621
105 0.238943 0 41 22 48 0 0 0.955398 1.07245 0.0133317 5.44824
106 0.24558 0 43 23 46 0 0 0.900959 1.09172 0.014688 4.26869
107 0.251941 0 42 26 46 0 0 0.847637 1.1431 0.022912 4.04134
108 0.258301 0 41 25 52 0 0 1.01447 1.38212 0.0272474 5.39023
109 0.265492 0 43 25 54 0 0 1.10157 1.5968 0.0159069 6.24085
110 0.272959 0 45 27 52 0 0 0.972174 1.31055 0.00552686 5.62968
111 0.280149 0 46 27 52 0 0 1.02443 1.36831 0.00834602 5.34705
112 0.287339 0 53 30 42 0 0 1.04543 1.38925 0.0128814 6.45629
113 0.293147 0 61 29 38 0 0 1.19928 1.86629 0.0122801 8.42309
114 0.298402 0 63 26 44 0 0 1.08743 1.76425 0.0085804 9.86469
115 0.304486 0 60 29 46 0 0 0.943665 1.59793 0.00600401 9.44142
116 0.310847 0 62 26 52 0 0 0.999887 1.44682 0.00514576 7.15853
117 0.318037 0 65 28 50 0 0 0.939952 1.34123 0.0505688 6.10804
118 0.324951 0 68 29 50 0 0 1.38344 2.16464 0.0230975 10.5217
119 0.331865 0 68 29 54 0 0 1.40808 2.17419 0.00804976 11.3319
120 0.339332 0 66 32 54 0 0 1.42041 2.18308 0.0121198 10.604
121 0.346799 0 62 33 60 0 0 1.37199 2.00147 0.023186 9.27577
122 0.355095 0 67 32 58 0 0 1.4358 1.88326 0.0166194 8.67266
123 0.363115 0 75 32 52 0 0 1.59232 1.98776 0.00454802 9.28315
124 0.370306 0 77 29 58 0 0 1.58159 1.75349 0.0129527 8.05707
125 0.378326 0 84 30 52 0 0 1.31726 1.49822 0.0123002 7.06307
126 0.385516 0 85 30 56 0 0 1.22812 1.27154 0.0394445 6.03762
127 0.39326 0 87 31 58 0 0 1.21651 1.22036 0.0525326 5.27668
128 0.40128 0 92 30 58 0 0 1.0692 1.02644 0.00904731 4.44799
129 0.4093 0 88 32 64 0 0 1.10758 1.08945 0.00386424 4.93065
130 0.41566 0.00248898 89 32 66 1 0 1.10495 0.975574 0.014985 4.62206
131 0.424787 0.00248898 88 36 64 1 0 1.01195 0.968 0.0130723 4.46177
132 0.433636 0.00248898 82 44 64 1 0 1.05961 1.06124 0.0102568 4.62577
133 0.442486 0.00248898 89 45 58 1 0 1.08928 1.09375 0.00923359 5.05183
134 0.450506 0.00248898 90 45 60 1 0 1.2099 1.38723 0.0108861 6.03435
135 0.458803 0.00248898 95 45 60 1 0 1.25802 1.38971 0.0151066 6.37655
136 0.467099 0.00248898 100 44 62 1 0 1.20569 1.19621 0.0124249 6.01569
137 0.475673 0.00248898 102 47 60 1 0 1.24778 1.21475 0.000341806 6.42384
138 0.483969 0.00248898 109 42 64 1 0 1.36314 1.3703 0.0152954 6.81195
139 0.49033 0.00497797 114 40 64 2 0 1.36323 1.43201 0.00630892 8.14478
140 0.49918 0.00248898 112 39 72 1 0 1.38663 1.55283 0.00410532 7.39997
141 0.509136 0.00248898 111 34 88 1 0 1.59382 1.5759 0.00943656 6.69937
142 0.521304 0.00248898 105 41 90 1 0 1.62226 1.58673 0.00393266 6.18735
143 0.533749 0.00248898 103 46 90 1 0 1.95345 1.78576 0.0186018 6.42832
144 0.546194 0.00248898 108 46 90 1 0 2.26754 2.12037 0.0389079 8.21204
145 0.558639 0.00248898 113 48 88 1 0 2.35471 2.33779 0.0356466 10.8539
146 0.568318 0.00497797 115 45 94 2 0 2.40739 2.88573 0.0393361 17.7197
147 0.581316 0.00497797 119 52 84 2 0 2.52085 2.92622 0.0469703 16.9692
148 0.590442 0.00746695 122 54 80 3 0 2.75303 2.95584 0.0380715 14.8411
149 0.601505 0.00497797 130 52 78 2 0 3.2101 3.19558 0.0800655 15.4315
150 0.61229 0.00497797 142 55 68 2 0 3.47491 3.12673 0.0335318 14.5469
151 0.621693 0.00497797 147 46 82 2 0 3.30288 2.96347 0.00931773 14.1734
152 0.633032 0.00497797 149 42 92 2 0 3.48909 3.20082 0.0371631 13.2942
153 0.645753 0.00497797 156 40 92 2 0 3.75731 3.28647 0.0163212 13.4242
154 0.658475 0.00497797 164 35 96 2 0 3.94283 3.36304 0.0322177 13.4103
155 0.671749 0.00497797 173 35 90 2 0 4.07009 3.28616 0.0260561 14.0133
156 0.684194 0.00248898 172 30 104 1 0 4.33619 3.50079 0.0268056 15.8216
157 0.698575 0.00248898 174 28 108 1 0 5.04498 3.86196 0.0201762 19.9684
158 0.713509 0 178 30 104 0 0 5.47261 3.98852 0.0110736 20.4817
159 0.72789 0 188 22 110 0 0 5.73673 4.00718 0.0218558 18.3524
160 0.7431 0 205 24 92 0 0 6.47339 4.35744 0.130009 22.4663
161 0.755822 0 219 22 84 0 0 6.9984 4.52609 0.0811135 21.3545
162 0.767437 0 228 20 80 0 0 6.85602 4.35805 0.372217 24.2221
163 0.778499 0 239 21 70 0 0 7.12964 4.7555 0.306526 25.3369
164 0.788178 0 240 23 70 0 0 7.46845 4.9195 0.2079 23.1933
165 0.797858 0 255 21 60 0 0 7.69231 5.13492 0.11228 24.7743
166 0.806154 0 260 22 56 0 0 8.38358 5.47868 0.22418 28.5781
167 0.813898 0 260 22 60 0 0 9.12369 5.61896 0.185549 29.9612
168 0.822195 0 274 24 44 0 0 9.70644 5.79021 0.16487 30.2043
169 0.828279 0 275 22 48 0 0 10.4952 5.89941 0.217821 30.4261
170 0.834916 0 282 21 44 0 0 10.9127 6.20906 0.459899 31.1232
171 0.841 0 288 20 40 0 0 11.1943 6.5802 0.405291 30.3914
172 0.846531 0 292 17 42 0 0 11.3985 6.51674 0.151423 30.0694
173 0.852339 0 295 15 46 0 0 11.8131 6.73843 0.0971586 33.7723
174 0.8587 0 300 15 42 0 0 11.8428 6.70962 0.170955 35.1176
175 0.864507 0 301 15 44 0 0 11.6787 6.66238 0.105681 36.3157
176 0.870591 0 307 13 44 0 0 11.9007 6.571 0.520887 34.4912
177 0.876676 0 304 14 48 0 0 12.4744 6.56484 0.256726 33.1716
178 0.883313 0 310 13 44 0 0 13.0588 6.75022 0.546563 32.8448
179 0.889397 0 314 12 42 0 0 13.3725 6.8185 0.508458 34.6401
180 0.895205 0 316 12 40 0 0 13.4626 6.73129 0.516364 35.2237
181 0.900736 0 322 12 34 0 0 13.7103 6.86958 0.597805 33.5465
182 0.905437 0 331 10 30 0 0 13.9324 7.01959 0.60146 34.6081
183 0.907097 0.00248898 332 9 30 1 0 13.9759 6.95386 0.167698 36.3913
184 0.911245 0.00248898 331 7 30 1 1 9.336 4.33507 0.250731 25.7917
185 0.915393 0.00248898 339 5 26 1 1 10.1113 4.4032 0.107354 26.7634
186 0.918988 0.00248898 341 4 28 1 1 11.0838 4.76933 0.156588 28.7368
187 0.92286 0.00248898 343 4 26 1 1 11.6273 4.93747 0.317617 30.7364
188 0.926455 0.00248898 344 5 24 1 1 12.0098 5.16428 0.297614 32.3671
189 0.929774 0.00248898 342 7 24 1 1 12.3202 5.25836 0.248631 33.0772
190 0.933093 0.00248898 341 8 24 1 1 12.6056 5.28782 0.534254 33.3159
191 0.933922 0.00497797 345 8 20 2 1 13.0547 5.33879 0.658466 32.9439
192 0.936688 0.00497797 347 8 18 2 1 13.4128 5.39115 2.31401 32.1489
193 0.939177 0.00248898 352 8 14 1 1 13.9699 5.6733 2.06726 33.1689
194 0.941113 0.00248898 356 8 10 1 1 14.0972 5.4832 2.30967 32.1657
195 0.942495 0.00248898 362 6 8 1 1 14.4537 5.79773 0.626343 34.1619
196 0.943602 0.00248898 361 7 8 1 1 14.6135 5.90906 0.782381 33.573
197 0.944708 0.00248898 360 7 10 1 1 14.8378 5.93402 0.79968 33.8764
198 0.946091 0.00248898 360 5 14 1 1 15.1806 6.01554 0.840052 34.2621
199 0.948027 0.00248898 360 4 16 1 1 15.4486 6.06332 0.491067 33.6214
200 0.94775 0.00497797 361 3 16 2 1 15.9076 6.26801 0.243546 37.2019
201 0.949962 0.00248898 361 3 16 1 1 15.8937 6.08978 0.140394 37.3741
202 0.952175 0.00248898 363 2 16 1 1 16.3102 6.18628 0.894482 39.9872
203 0.954387 0.00248898 363 2 16 1 1 16.6631 6.38892 0.789314 44.1885
204 0.954111 0.00497797 365 3 12 2 1 17.0204 6.52617 0.644501 46.8206
205 0.95577 0.00497797 365 2 14 2 1 17.3234 6.4904 2.21848 45.2252
206 0.957706 0.00497797 366 1 14 2 2 16.1994 5.14766 1.64074 39.6948
207 0.959642 0.00497797 369 2 10 2 2 16.5993 5.24525 1.17587 39.4785
208 0.961025 0.00497797 370 3 8 2 2 16.8734 5.33615 0.771318 39.0056
209 0.962131 0.00497797 372 3 6 2 2 17.1917 5.5934 0.591505 38.4466
210 0.96296 0.00248898 372 3 6 1 2 17.1124 5.47523 0.715891 37.8177
211 0.96379 0.00248898 374 3 4 1 2 17.0224 5.56452 0.956105 37.5731
212 0.964343 0.00248898 374 3 4 1 2 17.0354 5.78348 1.11777 41.5266
213 0.964896 0.00248898 374 2 6 1 2 17.022 5.71245 1.3004 37.8615
214 0.965726 0 376 2 4 0 2 17.1815 5.87199 1.17721 39.1991
215 0.966279 0 378 2 2 0 2 17.3956 6.02059 1.30963 39.3883
216 0.966556 0 377 2 4 0 2 17.5745 5.96077 1.97541 37.28
217 0.967109 0 377 1 6 0 2 17.9391 5.99441 1.14016 38.0412
218 0.967938 0 376 2 6 0 2 18.2166 6.03943 0.588875 39.3685
219 0.966279 0.00248898 375 2 6 1 2 18.4616 6.19594 0.429937 40.501
220 0.967109 0.00248898 375 2 6 1 2 18.7187 6.31427 0.472272 41.1784
221 0.967938 0.00248898 375 2 6 1 2 18.9763 6.32806 0.424106 42.254
222 0.968768 0.00248898 377 2 4 1 2 19.2028 6.31141 0.865896 42.3118
223 0.969321 0.00248898 377 2 4 1 2 19.1382 6.21323 0.220589 40.6254
224 0.969874 0.00248898 377 2 4 1 2 18.8405 6.24698 0.697911 42.6335
225 0.970427 0.00248898 378 2 4 1 2 18.6435 6.26236 4.60218 42.0015
226 0.970981 0.00248898 375 2 2 1 3 17.2228 5.59586 2.22193 46.7844
227 0.956323 0.00248898 375 1 4 1 2 15.8168 5.27286 1.31213 36.7244
228 0.956876 0.00248898 375 1 4 1 2 15.6693 5.15508 2.06203 37.813
229 0.957429 0 375 1 4 0 2 15.6031 4.98038 1.63501 38.5175
230 0.957983 0 375 1 4 0 2 15.5396 4.86276 1.69349 38.6061
231 0.958536 0 375 1 4 0 2 15.3616 4.79897 1.76048 37.9307
232 0.959089 0 375 1 4 0 2 15.26 4.73097 1.7123 37.0554
233 0.959642 0 374 2 4 0 2 15.2025 4.74305 1.12745 37.1114
234 0.960195 0 376 1 4 0 2 15.3046 5.04065 0.972973 37.2492
235 0.960748 0 376 1 4 0 2 15.204 5.03862 0.883643 36.5741
236 0.961301 0 378 1 2 0 2 14.8616 4.86292 3.06228 36.152
237 0.959089 0.00248898 376 2 2 1 2 14.5792 4.70011 3.24403 35.7032
238 0.959365 0.00248898 376 2 2 1 2 14.5194 4.58928 1.67159 35.1688
239 0.959642 0.00248898 376 2 2 1 2 14.4999 4.46215 0.857385 34.6132
240 0.959918 0.00248898 376 2 2 1 2 14.4682 4.35779 2.13373 34.1073
241 0.960195 0.00248898 376 2 2 1 2 14.3747 4.246 2.98722 33.6765
242 0.960471 0.00248898 375 2 4 1 2 14.443 4.27708 1.29783 33.2998
243 0.961025 0.00248898 377 2 2 1 2 14.4969 4.25917 1.06532 33.0571
244 0.961301 0.00248898 377 2 2 1 2 14.5487 4.2922 1.57768 33.2257
245 0.961578 0.00248898 377 2 2 1 2 14.6307 4.31927 1.83715 33.3815
246 0.961854 0.00248898 377 1 4 1 2 14.5166 4.01502 3.40037 33.5516
247 0.962407 0 377 1 4 0 2 14.5744 4.04949 4.12934 33.5306
248 0.96296 0 377 1 4 0 2 14.7275 4.12315 4.09204 33.553
249 0.961025 0 377 1 4 0 1 14.7186 4.25865 1.2911 33.2601
250 0.961578 0 377 1 4 0 1 14.7636 4.37854 2.46518 33.5997
251 0.962131 0 378 1 4 0 1 14.9248 4.4903 3.74667 36.7452
252 0.962684 0 378 1 4 0 1 14.8765 4.38821 3.83032 35.7639
253 0.963237 0 378 1 4 0 1 14.7419 4.18777 3.81149 33.2723
254 0.96379 0 378 1 4 0 1 14.7255 4.21936 2.78614 32.882
255 0.964343 0 380 1 2 0 1 14.7542 4.24604 3.14282 32.7684
256 0.96462 0 379 2 2 0 1 14.7369 4.24808 3.95792 32.5962
257 0.964896 0 379 2 2 0 1 14.755 4.18725 3.9803 32.3933
258 0.965173 0 379 2 2 0 1 14.7832 4.13736 4.00597 32.2605
259 0.965449 0 379 2 2 0 1 14.8142 4.12022 4.01144 32.151
260 0.965726 0 381 1 2 0 1 15.1332 4.25857 4.00671 38.0541
261 0.966003 0 381 1 2 0 1 15.2226 4.23684 4.07945 37.713
262 0.966279 0 381 1 2 0 1 15.2987 4.25391 4.19893 37.5362
263 0.966556 0 381 1 2 0 1 15.3661 4.30209 4.32592 37.3943
264 0.966832 0 381 1 2 0 1 15.4212 4.38102 3.25013 37.2596
265 0.967109 0 381 0 4 0 1 15.486 4.48446 2.06947 37.1042
266 0.967662 0 381 0 4 0 1 15.5198 4.53601 2.10725 36.9387
267 0.968215 0 380 1 4 0 1 15.5725 4.56349 2.59147 36.8065
268 0.968768 0 380 1 4 0 1 15.5973 4.57533 3.36749 36.7038
269 0.956876 0 381 2 2 0 0 15.0423 4.17564 0.793648 36.5579
270 0.957153 0 381 2 2 0 0 14.7003 4.00695 0.451793 36.3091
271 0.957429 0 381 2 2 0 0 14.4688 3.86986 0.490275 36.1572
272 0.957706 0 381 2 2 0 0 14.2379 3.91515 0.644367 36.0497
273 0.955494 0.00248898 379 3 2 1 0 14.0853 3.96634 0.812775 35.9108
274 0.95577 0.00248898 381 3 0 1 0 14.0349 4.01814 1.56839 35.8996
275 0.95577 0.00248898 380 4 0 1 0 13.9767 4.00095 1.42855 35.8603
276 0.95577 0.00248898 379 4 2 1 0 14.0638 4.01804 1.15071 36.1345
277 0.956047 0.00248898 379 4 2 1 0 14.1167 3.99679 0.714236 35.994
278 0.953834 0.00497797 378 3 4 2 0 14.2754 4.0143 0.439134 35.8216
279 0.954387 0.00497797 377 4 4 2 0 14.3947 4.06388 0.903976 35.5974
280 0.95494 0.00497797 377 4 4 2 0 14.5275 4.15146 0.109931 35.7328
281 0.955494 0.00497797 377 4 4 2 0 14.6746 4.27915 0.0767212 35.8663
282 0.956047 0.00497797 377 3 6 2 0 14.9649 4.7412 0.263707 38.8758
283 0.954387 0.00497797 376 3 6 2 0 14.8603 4.49875 0.100048 40.9571
284 0.955217 0.00497797 376 2 8 2 0 15.0414 4.46543 3.00991 42.3224
285 0.956323 0.00497797 378 1 8 2 0 15.3563 4.86056 2.68476 43.7777
286 0.95494 0.00746695 377 1 8 3 0 15.6183 4.92912 1.80166 45.2397
287 0.956047 0.00746695 377 1 6 3 1 14.9223 4.40295 0.765701 37.0761
288 0.956876 0.00497797 377 0 8 2 1 14.9102 4.42803 2.51984 38.5525
289 0.957983 0.00497797 377 0 8 2 1 15.0226 4.4355 3.72677 39.6517
290 0.959089 0.00497797 377 0 8 2 1 15.2015 4.44187 3.55737 40.4947
291 0.957706 0.00746695 378 0 6 3 1 15.4481 4.498 3.50774 40.621
292 0.958536 0.00746695 378 0 6 3 1 15.5591 4.56538 3.41738 40.1084
293 0.959365 0.00497797 380 0 4 2 1 15.6284 4.62493 3.29166 39.6929
294 0.959918 0.00497797 382 0 2 2 1 15.7409 4.63441 3.20698 39.362
295 0.960195 0.00497797 381 1 2 2 1 15.77 4.61634 3.1462 39.1418
296 0.960471 0.00248898 380 2 2 1 1 15.6723 4.68321 0.987908 39.003
297 0.960748 0.00248898 381 3 0 1 1 15.6942 4.68705 4.1834 38.6655
298 0.960748 0.00248898 381 3 0 1 1 15.6666 4.65069 4.0967 38.948
299 0.960748 0.00248898 381 3 0 1 1 15.6491 4.63467 4.02882 38.7783
300 0.960748 0.00248898 381 3 0 1 1 15.6362 4.63007 3.92512 38.6563
301 0.960748 0 381 3 0 0 1 15.4916 4.67902 3.66507 38.5781
302 0.960748 0 381 3 0 0 1 15.4659 4.69301 3.23038 38.3415
303 0.958259 0.00248898 380 3 0 1 1 15.4049 4.72981 2.61687 38.3938
304 0.958259 0.00248898 380 2 2 1 1 15.3823 4.57034 2.67444 38.3857
305 0.958536 0.00248898 380 1 4 1 1 15.3894 4.50731 2.17016 38.3503
306 0.9566 0.00497797 379 0 6 2 1 15.5345 4.47477 1.83876 38.4124
307 0.957429 0.00497797 379 0 6 2 1 15.6326 4.46486 2.30205 38.8521
308 0.958259 0.00497797 379 0 6 2 1 15.7085 4.48502 0.927828 39.4526
309 0.959089 0.00497797 378 1 6 2 1 15.8155 4.50413 1.70368 40.1388
310 0.959918 0.00497797 378 1 6 2 1 15.9515 4.53791 4.19171 40.8765
311 0.960748 0.00497797 378 1 6 2 1 16.1005 4.57993 4.72851 41.6395
312 0.961578 0.00497797 378 1 6 2 1 16.2497 4.6293 4.69672 42.4498
313 0.962407 0.00248898 380 1 4 1 1 16.3893 4.73352 4.01164 42.7485
314 0.960471 0.00497797 381 1 2 2 1 16.6749 5.31614 3.91002 54.4277
315 0.960748 0.00497797 383 1 0 2 1 16.6722 5.2452 4.41229 52.9867
316 0.958259 0.00497797 382 1 0 2 1 16.6393 5.136 4.92667 51.5052
317 0.958259 0.00497797 382 1 0 2 1 16.6329 5.07214 4.93911 50.4377
318 0.958259 0.00497797 382 0 2 2 1 16.6163 4.96569 4.88604 49.4126
319 0.958536 0.00497797 382 0 2 2 1 16.6086 4.7787 3.07222 48.1563
320 0.958812 0.00497797 382 0 2 2 1 16.5936 4.62612 4.91403 47.1891
321 0.959089 0.00497797 382 0 2 2 1 16.59 4.58419 4.91479 46.884
322 0.959365 0.00497797 379 0 2 2 2 16.2835 4.1366 3.72891 41.4275
323 0.959642 0.00497797 378 0 2 2 3 16.2294 3.93033 3.79229 39.7429
324 0.959918 0.00248898 374 0 2 1 4 16.6882 4.341 3.89609 43.2825
325 0.960195 0.00248898 374 0 2 1 4 16.7212 4.33322 3.89784 43.1644
326 0.957983 0.00248898 373 0 2 1 4 16.6747 4.35769 3.89523 43.0457
327 0.958259 0.00248898 375 0 0 1 4 16.664 4.38531 3.44288 43.2996
328 0.958259 0.00248898 375 0 0 1 4 16.5865 4.4392 3.23485 43.3
329 0.958259 0.00248898 375 0 0 1 4 16.5216 4.4571 2.1986 43.2801
330 0.953281 0.00248898 375 0 0 1 3 16.1852 4.51359 0.727341 43.2361
331 0.953281 0.00248898 375 0 0 1 3 16.1021 4.593 0.760329 43.1513
332 0.953281 0.00248898 374 1 0 1 3 16.0562 4.64852 3.66039 43.0153
333 0.953281 0.00248898 374 1 0 1 3 16.026 4.68145 3.73603 42.8398
334 0.953281 0.00248898 374 1 0 1 3 15.9663 4.65547 3.78849 42.6516
335 0.953281 0.00248898 374 1 0 1 3 15.7817 4.57477 3.82849 42.4629
336 0.953281 0 373 2 0 0 3 15.4299 4.48314 2.2362 42.052
337 0.953281 0 367 2 0 0 4 15.0175 4.23029 3.61624 34.6307
338 0.953281 0 367 2 0 0 4 15.02 4.23497 3.62152 35.6538
339 0.953281 0 367 2 0 0 4 15.0213 4.23514 3.62705 35.6176
340 0.953281 0 367 2 0 0 4 15.0222 4.23527 3.63084 35.5943
341 0.953281 0 367 1 2 0 4 15.1166 4.22693 3.65474 36.7196
342 0.953558 0 367 1 2 0 4 15.1562 4.23226 3.70811 36.7859
343 0.953834 0 367 1 2 0 4 15.2115 4.26735 3.75542 37.049
344 0.954111 0 367 1 2 0 4 15.2682 4.29378 3.80013 37.4445
345 0.954387 0 367 0 4 0 4 15.322 4.27635 3.85417 37.4648
346 0.95494 0 367 0 4 0 4 15.3604 4.31203 3.91986 37.6257
347 0.953005 0.00248898 366 0 4 1 4 15.427 4.37111 3.66525 37.7252
348 0.953558 0.00248898 366 0 4 1 4 15.5057 4.45567 2.50839 37.7773
349 0.951622 0.00497797 365 0 4 2 4 15.6038 4.57394 1.49577 37.8007
350 0.952175 0.00497797 365 2 2 2 4 15.807 4.88442 0.594036 37.7267
351 0.952451 0.00497797 365 2 2 2 4 15.8764 4.87151 0.206459 37.3975
352 0.952728 0.00497797 365 2 2 2 4 15.9557 4.86693 0.466699 37.1856
353 0.953005 0.00497797 364 3 2 2 4 16.0251 4.89107 2.22844 37.0886
354 0.953281 0.00497797 366 3 0 2 4 15.9559 4.93232 2.21674 37.0347
355 0.953281 0.00497797 365 4 0 2 4 15.6894 5.02861 1.99132 36.9819
356 0.953281 0.00497797 365 4 0 2 4 15.654 4.94404 2.40903 36.9036
357 0.953281 0.00248898 364 5 0 1 4 15.6571 4.88278 4.39142 36.8008
358 0.953281 0.00248898 364 5 0 1 4 15.6802 4.84807 4.38699 36.7278
359 0.953281 0 364 3 4 0 4 15.9543 4.90306 4.4233 37.5206
360 0.953834 0 364 3 4 0 4 15.9546 4.85832 3.65932 37.3872
361 0.954387 0 364 3 4 0 4 16 4.80949 2.52395 37.089
362 0.95494 0 364 2 6 0 4 16.193 4.72791 1.77788 39.7291
363 0.95577 0 364 2 6 0 4 16.1778 4.58279 0.554489 36.3709
364 0.9566 0 363 2 8 0 4 16.417 4.66794 2.20998 37.4715
365 0.94775 0.00248898 362 2 8 1 3 15.9193 4.52343 0.804002 35.3208
366 0.946367 0.00248898 361 2 10 1 2 15.4398 4.44226 1.25749 35.2911
367 0.937794 0.00248898 361 2 10 1 1 14.6242 4.07631 2.25248 35.1562
368 0.939177 0.00248898 365 2 6 1 1 14.3293 4.03021 3.35213 34.8053
369 0.940007 0.00248898 365 2 6 1 1 14.1288 4.02729 2.53499 34.4631
370 0.940836 0.00248898 365 2 6 1 1 14.03 4.06772 2.82919 34.2302
371 0.941666 0.00248898 367 2 4 1 1 14.0683 4.41375 1.84384 34.9958
372 0.942219 0.00248898 366 3 4 1 1 13.9415 4.34634 2.14621 34.0985
373 0.942772 0.00248898 368 2 4 1 1 13.7908 4.0631 3.07812 34.1227
374 0.938347 0.00746695 365 3 4 3 1 13.7378 3.91575 2.5288 34.0789
375 0.9389 0.00497797 367 2 4 2 1 13.4679 4.01313 3.01082 33.9445
376 0.939453 0.00497797 366 3 4 2 1 13.5275 3.92399 0.792171 33.6575
377 0.940007 0.00497797 365 4 4 2 1 13.6257 3.98122 0.237062 33.4614
378 0.94056 0.00497797 365 4 4 2 1 13.6571 4.03937 0.247938 33.4102
379 0.941113 0.00497797 365 4 4 2 1 13.7548 4.23483 1.69173 33.4543
380 0.926732 0.00497797 365 4 4 2 0 13.3321 4.38409 0.59525 33.5154
381 0.927285 0.00497797 364 4 6 2 0 13.31 4.54561 0.853452 33.4406
382 0.928115 0.00497797 365 5 4 2 0 13.1057 4.54772 2.19939 34.2468
383 0.928668 0.00497797 365 4 6 2 0 13.1072 4.46292 1.63155 33.4557
384 0.929497 0 367 4 4 0 0 12.9224 4.52391 0.922184 33.656
385 0.930051 0 366 4 6 0 0 12.8827 4.59926 0.82358 33.7529
386 0.93088 0 366 3 8 0 0 12.7679 4.59207 0.760854 33.7953
387 0.931986 0 366 3 8 0 0 12.7397 4.59649 0.669294 33.7805
388 0.933093 0 366 3 8 0 0 12.6383 4.6576 1.01989 34.295
389 0.934199 0 365 4 8 0 0 12.6695 4.58676 1.56274 33.4939
390 0.935305 0 366 4 8 0 0 12.7351 4.63181 1.22816 33.1592
391 0.936411 0 365 4 10 0 0 12.829 4.49631 2.00083 33.0761
392 0.937794 0 366 5 8 0 0 12.8853 4.34628 1.71054 33.0527
393 0.9389 0 365 6 8 0 0 12.8395 4.25042 1.67807 32.9953
394 0.940007 0 367 5 8 0 0 12.9245 4.3673 1.9081 34.3793
395 0.941113 0 369 5 6 0 0 12.9719 4.31666 1.6008 35.0321
396 0.941942 0 368 6 6 0 0 13.0613 4.30022 1.20022 35.1511
397 0.942772 0 367 7 6 0 0 13.211 4.3138 0.847352 35.0515
398 0.943602 0 367 6 8 0 0 13.5559 4.44516 0.637937 34.9107
399 0.944708 0 368 6 8 0 0 13.8096 4.46542 2.49114 34.7661
400 0.945814 0 370 5 8 0 0 14.0565 4.53332 2.54052 34.0265
401 0.94692 0 369 5 10 0 0 14.1402 4.51025 2.62594 33.7831
402 0.948303 0 369 4 12 0 0 14.3401 4.52267 0.852901 33.6165
403 0.949962 0 370 5 10 0 0 14.5276 4.51429 0.762159 33.4944
404 0.951345 0 369 6 10 0 0 14.6879 4.45137 1.42726 33.2086
405 0.952728 0 369 5 12 0 0 15.0819 4.45428 2.18351 33.2014
406 0.951898 0.00248898 368 4 14 1 0 15.4924 4.73643 3.13335 34.0622
407 0.953834 0.00248898 370 4 12 1 0 15.8827 5.04047 3.88562 35.5745
408 0.955494 0.00248898 372 3 12 1 0 16.6855 5.21527 2.97099 38.6809
409 0.954664 0.00497797 373 3 10 2 0 17.2025 5.52282 1.82116 41.9921
410 0.956047 0.00497797 375 2 10 2 0 17.4674 5.58166 1.26314 42.6101
411 0.957429 0.00497797 377 2 8 2 0 17.687 5.65406 0.809835 42.5795
412 0.958536 0.00497797 377 1 10 2 0 17.9739 5.83162 0.404885 42.6541
413 0.959918 0.00497797 377 0 12 2 0 18.2256 6.00467 0.130385 42.8294
414 0.961578 0.00497797 366 1 10 2 2 17.3333 5.0155 4.25466 39.9974
415 0.96296 0.00497797 368 1 8 2 2 17.5241 4.99137 3.75795 40.0153
416 0.964067 0.00248898 368 1 8 1 2 17.6519 4.98104 3.09886 39.9402
417 0.965173 0.00248898 370 1 6 1 2 17.8416 4.97315 2.45277 40.6188
418 0.966003 0.00248898 370 1 6 1 2 17.9811 4.95116 2.23247 40.1007
419 0.966832 0 372 1 4 0 2 18.0523 4.89684 3.74677 40.0782
420 0.967385 0 372 1 4 0 2 18.1377 4.8685 4.98688 40.068
421 0.967938 0 374 1 2 0 2 18.3043 4.96344 4.98962 40.0815
422 0.968215 0 376 1 0 0 2 18.3064 4.87299 5.01236 40.1343
423 0.968215 0 376 0 2 0 2 18.274 4.937 5.06047 40.213
424 0.968492 0 376 0 2 0 2 18.2428 4.90303 4.11978 40.3194
425 0.968768 0 376 0 2 0 2 18.2696 4.85433 3.63758 40.4489
426 0.969045 0 376 0 2 0 2 18.3068 4.83766 3.77831 40.5691
427 0.969321 0 376 0 2 0 2 18.3135 4.82443 3.88512 40.6674
428 0.969598 0 376 0 2 0 2 18.2093 4.82074 3.7501 40.7429
429 0.967385 0.00248898 375 0 2 1 2 18.0612 4.77846 2.59825 40.7828
430 0.967662 0.00248898 375 0 2 1 2 17.9779 4.65526 3.89192 40.7897
431 0.967938 0.00248898 375 0 2 1 2 18.0232 4.67019 3.98256 40.7558
432 0.968215 0.00248898 377 0 0 1 2 18.143 4.8587 4.08334 43.5515
433 0.968215 0.00248898 377 0 0 1 2 18.1437 4.81939 4.52172 42.9696
434 0.968215 0.00248898 377 0 0 1 2 18.1473 4.79848 4.71736 42.6332
435 0.968215 0.00248898 377 0 0 1 2 18.148 4.78932 4.81281 42.4216
436 0.968215 0.00248898 375 0 0 1 3 18.175 4.87658 3.9518 42.0335
437 0.968215 0.00248898 375 0 0 1 3 18.1729 4.86631 3.93757 40.8224
438 0.968215 0.00248898 375 0 0 1 3 18.173 4.86616 3.92437 40.8276
439 0.968215 0 375 0 0 0 3 18.1545 4.86113 3.88142 40.1954
440 0.968215 0 375 0 0 0 3 18.1537 4.86805 3.83424 40.2047
441 0.968215 0 375 0 0 0 3 18.156 4.87998 3.80213 41.4009
442 0.968215 0 375 0 0 0 3 18.1539 4.88563 3.77501 41.4235
443 0.968215 0 375 0 0 0 3 18.1436 4.88545 3.74593 40.263
444 0.968215 0 374 1 0 0 3 18.1253 4.89675 3.71184 40.2854
445 0.968215 0 374 1 0 0 3 18.0979 4.91051 3.67207 40.311
446 0.965726 0.00248898 373 1 0 1 3 18.0802 4.93404 3.62956 41.5344
447 0.965726 0.00248898 373 1 0 1 3 18.0484 4.94225 3.58787 41.5199
448 0.965726 0.00248898 373 1 0 1 3 17.9987 4.94405 3.54461 40.7642
449 0.965726 0.00248898 373 1 0 1 3 17.8258 4.91444 3.48425 40.7207
450 0.965726 0.00248898 373 1 0 1 3 17.6622 4.7595 3.34175 40.6689
451 0.965726 0.00248898 372 2 0 1 3 17.6358 4.73615 3.84085 40.5937
452 0.965726 0.00248898 372 2 0 1 3 17.628 4.72244 4.3498 40.4397
453 0.965726 0.00248898 371 2 2 1 3 17.8492 4.8747 4.60812 42.2691
454 0.966003 0.00248898 371 2 2 1 3 17.8989 4.9021 4.80813 40.7206
455 0.966279 0.00248898 371 2 2 1 3 17.9632 4.93454 4.99349 40.9774
456 0.966556 0 371 2 2 0 3 17.6567 4.83411 5.15123 40.3214
457 0.936964 0 371 2 2 0 1 16.5295 4.67117 1.07578 40.1772
458 0.937241 0 371 2 2 0 1 16.2017 4.67039 1.91476 39.5145
459 0.937518 0 370 3 2 0 1 15.7123 4.80174 2.03129 38.7375
460 0.937794 0 370 2 4 0 1 15.2997 4.8877 1.84544 38.0406
461 0.938347 0 370 2 4 0 1 15.006 4.88923 0.921145 37.407
462 0.9389 0 372 1 4 0 1 14.8474 4.92755 1.33619 36.875
463 0.939453 0 371 2 4 0 1 14.4893 4.96842 1.30404 36.4689
464 0.940007 0 371 2 4 0 1 14.1139 4.97209 1.22345 36.1279
465 0.94056 0 371 2 4 0 1 13.893 4.87581 1.27511 35.7433
466 0.941113 0 370 3 4 0 1 13.7627 4.7231 1.34921 35.2998
467 0.941666 0 370 3 4 0 1 13.665 4.67039 1.09449 34.8702
468 0.942219 0 370 2 6 0 1 13.6483 4.7793 1.92092 34.5361
469 0.943049 0 371 3 4 0 1 13.4707 4.81466 1.21697 35.7378
470 0.943602 0 371 3 4 0 1 13.4729 4.79256 2.65402 34.3465
471 0.944155 0 373 3 2 0 1 13.5777 4.83222 2.43581 33.8215
472 0.944431 0 373 2 4 0 1 13.6407 4.96533 1.89925 34.5342
473 0.944984 0 373 2 4 0 1 13.5319 4.88686 2.14936 38.9897
474 0.945538 0 373 2 4 0 1 13.3952 4.78159 1.9735 35.3969
475 0.946091 0 371 3 6 0 1 13.5377 4.70776 1.64492 34.6666
476 0.94692 0 371 3 6 0 1 13.6609 4.65982 0.862443 33.7098
477 0.94775 0 373 3 4 0 1 13.8661 4.671 1.09654 33.963
478 0.945814 0.00248898 372 2 6 1 1 14.0188 4.50797 1.66655 32.394
479 0.941666 0.00248898 371 3 6 1 0 13.8525 4.37558 1.89219 32.6461
480 0.942495 0.00248898 370 4 6 1 0 13.8654 4.39797 1.50649 38.2194
481 0.943325 0.00248898 371 5 4 1 0 13.9449 4.498 0.733736 40.3287
482 0.943878 0.00248898 371 5 4 1 0 14.0527 4.58436 0.308597 40.1576
483 0.944431 0.00248898 371 5 4 1 0 14.1729 4.63936 0.187812 39.7414
484 0.944984 0.00248898 373 3 6 1 0 14.0738 4.49442 0.282575 39.3199
485 0.945814 0.00248898 373 3 6 1 0 14.2118 4.47583 1.04843 38.6092
486 0.946644 0.00248898 373 3 6 1 0 14.3694 4.57058 1.40237 38.8395
487 0.947473 0.00248898 374 4 4 1 0 14.6024 4.78012 1.0904 38.9858
488 0.948027 0 374 3 6 0 0 14.4153 4.87367 0.870543 37.0085
489 0.948856 0 373 3 8 0 0 14.6299 4.86707 1.94727 36.3634
490 0.949962 0 373 2 10 0 0 14.7987 5.00927 1.8744 41.0298
491 0.951345 0 373 2 10 0 0 14.933 5.09543 1.76276 44.1531
492 0.950239 0.00248898 372 2 10 1 0 15.1265 5.13715 1.65387 44.0172
493 0.951622 0.00248898 376 2 6 1 0 15.4116 5.24749 1.54509 42.5688
494 0.952451 0.00248898 376 2 6 1 0 15.4231 5.14774 1.44215 38.0629
495 0.953281 0.00248898 376 2 6 1 0 15.4275 5.07547 1.44187 36.7853
496 0.954111 0.00248898 376 1 8 1 0 15.5556 4.98018 2.11169 37.2194
497 0.955217 0.00248898 377 2 6 1 0 15.5572 5.10563 2.23198 37.548
498 0.953558 0.00497797 378 1 6 2 0 15.553 5.09213 2.34716 37.7167
499 0.954387 0.00497797 380 1 4 2 0 15.4774 5.09903 2.50721 37.7558
500 0.95494 0.00497797 380 1 4 2 0 15.546 5.11845 2.69306 37.6251
501 0.953005 0.00746695 379 1 4 3 0 15.6538 5.14301 2.91645 37.5265
502 0.953558 0.00497797 379 1 4 2 0 15.6948 5.14653 2.01839 37.4361
503 0.954111 0.00497797 379 1 4 2 0 15.7761 5.13299 1.29486 37.3355
504 0.954664 0.00497797 379 1 4 2 0 15.854 5.09742 1.35687 37.2518
505 0.955217 0.00497797 381 1 2 2 0 15.9972 5.11312 2.01052 39.5669
506 0.953005 0.00746695 380 0 4 3 0 16.2579 5.15438 0.901279 39.5095
507 0.953558 0.00746695 381 1 2 3 0 16.3494 5.18326 0.489545 40.7242
508 0.953834 0.00497797 379 3 2 2 0 16.2619 5.13238 3.48856 39.6054
509 0.954111 0.00497797 378 4 2 2 0 16.2547 5.12159 3.39334 38.9177
510 0.954387 0.00497797 378 4 2 2 0 16.2748 5.1649 2.18209 38.5613
511 0.954664 0.00248898 378 4 2 1 0 16.2941 5.19775 0.231583 39.3841
512 0.95494 0.00248898 377 5 2 1 0 16.395 5.21321 0.0669035 38.8464
513 0.955217 0.00248898 376 6 2 1 0 16.4397 5.22805 1.20296 39.0075
514 0.953005 0.00497797 375 6 2 2 0 16.4758 5.15254 2.95228 39.1708
515 0.953281 0.00497797 377 6 0 2 0 16.4815 5.14616 3.0523 39.3447
516 0.953281 0.00248898 377 5 2 1 0 16.5411 5.08539 3.14393 38.412
517 0.953558 0.00248898 377 3 6 1 0 16.711 5.14708 3.19532 36.263
518 0.954387 0.00248898 377 2 8 1 0 16.8278 5.19385 2.06566 35.9372
519 0.955494 0.00248898 376 3 8 1 0 16.8303 5.12325 2.2869 35.1639
520 0.9566 0.00248898 376 3 8 1 0 16.8796 5.07175 1.95249 35.1777
521 0.957706 0.00248898 376 2 10 1 0 17.0209 4.89706 0.953616 34.9109
522 0.959089 0.00248898 376 1 12 1 0 17.229 4.81374 1.76132 35.152
523 0.960748 0.00248898 376 1 12 1 0 17.3948 4.68764 3.5621 35.3069
524 0.962407 0 376 1 12 0 0 17.5283 4.56093 4.45852 37.5798
525 0.964067 0 378 1 10 0 0 17.718 4.50779 4.23826 38.4706
526 0.965449 0 382 1 6 0 0 17.9915 4.68297 3.52596 41.4565
527 0.966279 0 384 1 4 0 0 18.1696 4.92601 2.41852 41.6972
528 0.966832 0 382 1 6 0 1 17.7862 4.85118 2.0033 41.189
529 0.967662 0 382 1 6 0 1 17.9417 4.92772 1.79853 41.3396
530 0.968492 0 383 2 4 0 1 18.1618 5.07081 1.57924 41.4878
531 0.969045 0 385 2 2 0 1 18.3293 5.21245 1.12523 41.5416
532 0.969321 0 385 2 2 0 1 18.4155 5.31284 1.07053 41.4733
533 0.969598 0 385 2 2 0 1 18.4964 5.44109 1.18667 43.2403
534 0.969874 0 385 2 2 0 1 18.576 5.53622 1.18175 46.7359
535 0.970151 0 385 2 2 0 1 18.6535 5.63586 1.20297 50.5322
536 0.970427 0 384 3 2 0 1 18.7281 5.71398 1.20841 53.7018
537 0.970704 0 386 2 2 0 1 19.0764 5.85574 1.49579 55.2314
538 0.970981 0 386 2 2 0 1 19.0152 5.22674 1.68932 44.351
539 0.968768 0.00248898 385 1 4 1 1 18.9599 4.99772 1.74971 41.6088
540 0.969321 0.00248898 385 1 4 1 1 19.0681 4.95773 1.81766 41.6399
541 0.969874 0.00248898 385 1 4 1 1 19.202 5.01292 1.89224 41.6571
542 0.970427 0.00248898 385 1 4 1 1 19.3535 5.08906 1.98607 41.7018
543 0.968492 0.00497797 383 2 4 2 1 19.5336 5.20253 2.33286 41.7782
544 0.969045 0.00497797 383 2 4 2 1 19.6578 5.40258 2.54052 41.8818
545 0.967109 0.00746695 382 1 6 3 1 19.7769 5.5267 2.54696 42.5135
546 0.967938 0.00746695 379 1 4 3 2 18.948 5.60636 5.75718 42.9647
547 0.968492 0.00746695 373 1 4 3 3 18.5601 5.03263 5.3351 42.7081
548 0.969045 0.00746695 375 1 2 3 3 18.6539 5.01373 5.3708 42.7665
549 0.969321 0.00497797 375 1 2 2 3 18.6922 4.92073 5.53708 43.014
550 0.969598 0.00497797 375 1 2 2 3 18.7739 4.88185 5.79684 43.3545
551 0.969874 0.00497797 375 1 2 2 3 18.8647 4.85159 5.83001 43.5955
552 0.970151 0.00497797 374 1 4 2 3 19.108 5.00264 5.84556 43.7795
553 0.970704 0.00248898 374 1 4 1 3 19.0341 5.18659 1.6121 43.9286
554 0.971257 0.00248898 371 1 2 1 4 18.6612 5.07747 5.82376 43.6479
555 0.971534 0 371 1 2 0 4 18.6461 5.04599 5.87032 43.5867
556 0.97181 0 371 1 2 0 4 18.6645 4.95384 5.85018 43.5547
557 0.972087 0 371 1 2 0 4 18.72 4.94258 5.84212 43.5527
558 0.972363 0 371 1 2 0 4 18.7715 4.94239 5.8406 43.5697
559 0.97264 0 371 1 2 0 4 18.8602 5.01519 5.84362 43.5979
560 0.972916 0 371 1 2 0 4 18.8809 4.93197 5.85031 43.6327
561 0.973193 0 373 0 2 0 4 19.1152 5.01984 4.91845 43.3044
562 0.97347 0 373 0 2 0 4 19.1754 5.00012 5.53439 43.3023
563 0.973746 0 373 0 2 0 4 19.2844 5.00896 5.89384 44.4885
564 0.974023 0 372 1 2 0 4 19.3141 4.93574 4.65874 46.5555
565 0.974299 0 372 1 2 0 4 19.3981 5.0122 3.24704 46.9794
566 0.974576 0 372 1 2 0 4 19.4648 5.03258 3.41316 47.3079
567 0.974852 0 372 1 2 0 4 19.5108 4.996 4.54542 47.1133
568 0.975129 0 372 1 2 0 4 19.6292 5.09007 5.79436 46.4187
569 0.975405 0 372 1 2 0 4 19.7226 5.12402 6.63232 45.4021
570 0.975682 0 374 1 0 0 4 19.976 5.61096 6.75272 54.4412
571 0.973193 0 374 1 0 0 3 19.5822 5.56915 4.68403 51.6802
572 0.970704 0.00248898 373 1 0 1 3 19.5473 5.44368 4.81509 49.2003
573 0.970704 0.00248898 373 0 2 1 3 19.5982 5.30892 4.99934 46.6137
574 0.970981 0.00248898 373 0 2 1 3 19.5632 5.20564 3.56325 43.3245
575 0.968768 0.00497797 372 0 2 2 3 19.5522 5.1025 1.75103 41.6407
576 0.969045 0.00497797 372 0 2 2 3 19.4611 4.94199 1.44534 42.3223
577 0.969321 0.00497797 372 0 2 2 3 19.4411 4.78655 3.35386 40.2285
578 0.969598 0.00497797 372 0 2 2 3 19.4707 4.69728 4.91428 38.8261
579 0.969874 0.00497797 372 0 2 2 3 19.5069 4.63957 4.81538 39.0548
580 0.970151 0.00497797 372 0 2 2 3 19.5418 4.61367 4.73108 39.1963
581 0.970427 0.00497797 372 0 2 2 3 19.5763 4.60369 4.10165 39.318
582 0.970704 0.00248898 374 0 0 1 3 19.5968 4.73476 1.76358 39.472
583 0.970704 0.00248898 374 0 0 1 3 19.5435 4.83272 0.454232 39.5985
584 0.970704 0.00248898 374 0 0 1 3 19.4693 4.94996 0.313298 39.4064
585 0.970704 0 374 0 0 0 3 19.3682 5.06578 1.59869 39.2675
586 0.970704 0 374 0 0 0 3 19.2658 5.10175 2.68718 39.1598
587 0.970704 0 374 0 0 0 3 19.1373 5.05508 3.32186 39.0603
588 0.970704 0 374 0 0 0 3 19.0574 4.97129 4.19449 38.9563
589 0.958259 0 374 0 0 0 2 18.0141 5.38168 3.43386 38.8392
590 0.943325 0 374 0 0 0 1 16.9658 5.20423 3.01676 38.4602
591 0.943325 0 374 0 0 0 1 16.4779 5.06816 3.15515 38.0137
592 0.940836 0.00248898 373 0 0 1 1 15.9931 5.06372 2.83426 37.5489
593 0.940836 0.00248898 372 1 0 1 1 15.7128 5.01436 2.90658 37.0157
594 0.940836 0.00248898 372 1 0 1 1 15.6012 4.91046 2.884 36.4419
595 0.940836 0.00248898 372 1 0 1 1 15.5028 4.84551 2.20778 35.8622
596 0.940836 0.00248898 371 2 0 1 1 15.3849 4.81856 1.79802 35.7448
597 0.928391 0.00248898 371 2 0 1 0 14.9484 4.87632 2.08343 35.5277
598 0.928391 0.00248898 371 2 0 1 0 14.6135 4.88644 1.67402 34.9755
599 0.928391 0.00248898 371 2 0 1 0 14.2823 4.87708 1.28834 34.1343
600 0.928391 0.00248898 371 2 0 1 0 13.9769 4.89398 0.951608 33.8288
601 0.928391 0.00248898 371 2 0 1 0 13.6939 4.88393 0.746349 33.4508
602 0.928391 0 371 1 2 0 0 13.3442 4.92243 0.604847 32.6863
603 0.928668 0 370 2 2 0 0 13.0463 4.89115 0.554112 32.0439
604 0.928944 0 370 2 2 0 0 12.8019 4.78385 0.580563 31.4142
605 0.929221 0 370 1 4 0 0 12.8091 4.65181 0.645118 31.0189
606 0.929774 0 368 3 4 0 0 12.6708 4.57063 0.697144 32.8436
607 0.930327 0 367 4 4 0 0 12.6182 4.47341 0.735063 33.0953
608 0.93088 0 366 5 4 0 0 12.5976 4.37048 0.757544 30.9851
609 0.931433 0 366 5 4 0 0 12.6014 4.28775 0.764267 30.9692
610 0.931986 0 364 7 4 0 0 12.6127 4.22231 0.726999 30.2761
611 0.93254 0 366 7 2 0 0 12.596 4.18101 0.683943 30.1996
612 0.932816 0 366 6 4 0 0 12.8151 4.2462 1.95227 30.1214
613 0.933369 0 365 7 4 0 0 12.8972 4.28043 2.44207 30.0697
614 0.933922 0 367 7 2 0 0 13.04 4.44828 2.14599 30.0362
615 0.934199 0 367 5 6 0 0 13.21 4.45325 1.86886 30.0726
616 0.935029 0 366 5 8 0 0 13.4357 4.59523 1.69212 34.0481
617 0.936135 0 366 4 10 0 0 13.6891 4.5711 2.56044 34.6795
618 0.937518 0 366 4 10 0 0 13.8985 4.55163 3.66306 37.2058
619 0.9389 0 366 2 14 0 0 14.36 4.54861 1.36419 36.496
620 0.940836 0 366 2 14 0 0 14.5489 4.39401 0.0711791 32.0925
621 0.942772 0 368 2 12 0 0 14.7418 4.4602 0.071419 35.0306
622 0.944431 0 368 1 14 0 0 14.9631 4.49937 0.608828 35.9843
623 0.946367 0 366 3 14 0 0 15.1691 4.57991 1.54182 36.4701
624 0.945814 0.00248898 369 3 10 1 0 15.3737 4.56992 0.680142 36.793
625 0.947197 0.00248898 371 2 10 1 0 15.5309 4.45989 0.753877 36.8625
626 0.94858 0.00248898 373 2 8 1 0 15.5921 4.50976 1.44216 36.7707
627 0.949686 0.00248898 373 2 8 1 0 15.6061 4.55449 1.96121 36.9702
628 0.950792 0.00248898 377 2 4 1 0 15.5645 4.6162 1.81238 37.1335
629 0.951345 0.00248898 377 2 4 1 0 15.5663 4.52853 2.25681 37.1837
630 0.951898 0.00248898 377 2 4 1 0 15.6513 4.50451 2.60645 37.1972
631 0.952451 0.00248898 379 2 2 1 0 15.7685 4.51518 3.17231 37.1996
632 0.952728 0.00248898 379 0 6 1 0 16.1123 4.44539 0.851503 37.3771
633 0.953558 0.00248898 379 0 6 1 0 16.0849 4.4347 2.75526 37.2467
634 0.954387 0 381 0 4 0 0 16.2286 4.68951 1.99146 40.6985
635 0.95494 0 381 0 4 0 0 16.3027 4.63864 2.60185 39.5342
636 0.955494 0 381 0 4 0 0 16.3707 4.5858 2.88342 38.676
637 0.956047 0 380 1 4 0 0 16.3866 4.53783 2.74325 37.9851
638 0.9566 0 380 1 4 0 0 16.3684 4.53827 1.59437 37.4386
639 0.957153 0 380 1 4 0 0 16.4751 4.51616 0.738344 36.9299
640 0.957706 0 380 1 4 0 0 16.5688 4.50467 0.170113 36.4709
641 0.958259 0 384 1 0 0 0 16.7271 4.6626 0.139983 36.0714
642 0.958259 0 384 1 0 0 0 16.5483 4.5078 1.08891 36.3917
643 0.958259 0 384 1 0 0 0 16.2993 4.29429 3.30935 35.4126
644 0.958259 0 384 1 0 0 0 16.2081 4.24056 4.36717 35.7173
645 0.958259 0 384 1 0 0 0 16.1301 4.2022 4.8932 36.3857
646 0.958259 0 384 0 2 0 0 16.1229 4.13653 4.89079 36.9611
647 0.956047 0.00248898 383 0 2 1 0 16.1405 4.13166 6.20243 37.3882
648 0.953834 0.00497797 382 0 2 2 0 16.1726 4.14513 6.16361 37.6599
649 0.954111 0.00497797 382 0 2 2 0 16.2085 4.17027 6.13028 37.8927
650 0.954387 0.00497797 382 0 2 2 0 16.2448 4.20685 6.11296 38.0178
651 0.954664 0.00497797 382 0 2 2 0 16.2764 4.24951 6.10428 38.0846
652 0.95494 0.00497797 382 0 2 2 0 16.2916 4.29044 6.03896 38.0872
653 0.952728 0.00746695 381 0 2 3 0 16.2951 4.31312 5.58523 38.0148
654 0.950516 0.00995594 380 0 2 4 0 16.3122 4.34384 5.13265 37.9377
655 0.950792 0.00995594 382 0 0 4 0 16.3493 4.38638 4.7913 37.5551
656 0.950792 0.00995594 382 0 0 4 0 16.3341 4.358 4.90821 37.2661
657 0.950792 0.00746695 382 0 0 3 0 16.2528 4.32448 5.19408 37.0995
658 0.950792 0.00497797 382 0 0 2 0 16.1035 4.3505 5.42659 37.02
659 0.950792 0.00497797 382 0 0 2 0 16.0641 4.35545 5.62456 36.9425
660 0.950792 0.00497797 382 0 0 2 0 15.9852 4.36935 4.84759 36.8765
661 0.950792 0.00497797 382 0 0 2 0 15.9916 4.33971 5.98365 36.8249
662 0.950792 0.00497797 382 0 0 2 0 15.9929 4.32704 6.0764 36.7952
663 0.950792 0.00248898 382 0 0 1 0 15.9255 4.30833 6.00965 36.6986
664 0.950792 0 382 0 0 0 0 15.854 4.26935 5.99061 36.3965
665 0.950792 0 382 0 0 0 0 15.856 4.24911 5.97901 36.1623
666 0.950792 0 382 0 0 0 0 15.8553 4.23911 5.96954 36.3719
667 0.950792 0 381 1 0 0 0 15.8534 4.23222 5.93856 36.6517
668 0.950792 0 381 1 0 0 0 15.8498 4.22557 5.77025 36.8165
669 0.950792 0 381 1 0 0 0 15.841 4.21541 5.29607 36.893
670 0.950792 0 381 1 0 0 0 15.8293 4.19788 4.9624 36.866
671 0.950792 0 381 1 0 0 0 15.8297 4.15654 4.50758 36.6513
672 0.950792 0 381 1 0 0 0 15.8313 4.12017 3.90846 36.2283
673 0.950792 0 381 1 0 0 0 15.8339 4.10044 3.29794 35.7401
674 0.950792 0 380 2 0 0 0 15.8354 4.08936 2.7942 35.284
675 0.950792 0 380 2 0 0 0 15.8353 4.08171 2.41937 34.8975
676 0.950792 0 380 1 2 0 0 16.0075 4.39634 2.13472 35.8812
677 0.951069 0 380 1 2 0 0 16.1159 4.38729 1.94007 35.2914
678 0.951345 0 380 1 2 0 0 16.2048 4.35954 1.8187 34.0814
679 0.951622 0 380 1 2 0 0 16.004 4.24471 1.75012 33.9458
680 0.951898 0 380 1 2 0 0 15.7387 4.20079 1.70677 33.8588
681 0.952175 0 380 1 2 0 0 15.7521 4.11061 1.67993 33.7598
682 0.952451 0 380 1 2 0 0 15.7829 4.08473 1.68456 33.6055
683 0.952728 0 380 0 4 0 0 15.7611 4.09779 2.63321 34.1459
684 0.953281 0 380 0 4 0 0 15.8215 4.04503 5.03247 33.6115
685 0.953834 0 382 0 2 0 0 15.8801 4.04412 5.73136 34.3182
686 0.954111 0 382 0 2 0 0 15.8857 4.04483 5.76022 35.0452
687 0.954387 0 382 0 2 0 0 15.8831 4.05309 5.77925 35.7437
688 0.954664 0 382 0 2 0 0 15.8916 4.05168 5.79521 36.2212
689 0.95494 0 382 0 2 0 0 15.9237 4.05273 5.80813 36.4988
690 0.955217 0 382 0 2 0 0 15.9556 4.06035 5.81721 36.5938
691 0.955494 0 382 0 2 0 0 15.9879 4.07612 5.8243 36.6141
692 0.95577 0 384 0 0 0 0 16.0262 4.09354 5.83157 36.5868
693 0.95577 0 384 0 0 0 0 16.0114 4.10368 5.83296 36.5057
694 0.95577 0 384 0 0 0 0 16.0037 4.11013 5.81426 36.4544
695 0.95577 0 384 0 0 0 0 15.999 4.1148 5.73011 36.4283
696 0.95577 0 384 0 0 0 0 15.9972 4.12014 5.665 36.4171
697 0.95577 0 384 0 0 0 0 15.9951 4.12322 5.61466 36.4144
698 0.95577 0 384 0 0 0 0 15.9922 4.12371 5.57435 36.4162
699 0.95577 0 384 0 0 0 0 15.9924 4.12795 5.54097 36.4203
700 0.95577 0 384 0 0 0 0 15.99 4.12727 5.51515 36.425
701 0.95577 0 384 0 0 0 0 15.9893 4.12866 5.49295 36.4299
702 0.95577 0 384 0 0 0 0 15.9886 4.12987 5.47419 36.4345
703 0.95577 0 384 0 0 0 0 15.9881 4.13098 5.45758 36.4387
704 0.95577 0 384 0 0 0 0 15.9876 4.13192 5.44394 36.4422
705 0.95577 0 384 0 0 0 0 15.9873 4.13266 5.43362 36.4447
706 0.95577 0 384 0 0 0 0 15.9871 4.13314 5.42706 36.4463
707 0.95577 0 384 0 0 0 0 15.9862 4.1339 5.40917 36.45
708 0.95577 0 383 1 0 0 0 15.986 4.13441 5.40219 36.4511
709 0.95577 0 383 1 0 0 0 15.9858 4.13491 5.39583 36.4519
710 0.95577 0 383 1 0 0 0 15.9857 4.13535 5.39066 36.4524
711 0.95577 0 383 1 0 0 0 15.9855 4.13586 5.38496 36.4526
712 0.95577 0 383 1 0 0 0 15.985 4.13599 5.3774 36.4527
713 0.95577 0 383 1 0 0 0 15.985 4.13625 5.37431 36.4524
714 0.95577 0 383 1 0 0 0 15.9849 4.13651 5.37157 36.4521
715 0.95577 0 383 1 0 0 0 15.9848 4.13678 5.36901 36.4517
716 0.95577 0 383 1 0 0 0 15.9848 4.13701 5.36625 36.4519
717 0.95577 0 382 1 2 0 0 16.1935 4.27341 5.77489 36.1544
718 0.956047 0 382 1 2 0 0 16.2153 4.30972 5.52791 35.7504
719 0.956323 0 382 1 2 0 0 16.2885 4.17196 5.72763 35.8923
720 0.9566 0 382 1 2 0 0 16.3827 4.22087 5.74563 36.2745
721 0.956876 0 382 1 2 0 0 16.492 4.29263 5.73141 36.5733
722 0.957153 0 382 1 2 0 0 16.6009 4.3679 5.70972 36.8343
723 0.957429 0 382 1 2 0 0 16.7098 4.46389 5.68786 37.0789
724 0.955217 0.00248898 381 1 2 1 0 16.8248 4.57883 5.66353 37.3126
725 0.955494 0.00248898 380 2 2 1 0 16.9269 4.67814 5.63818 37.5414
726 0.95577 0.00248898 382 1 2 1 0 17.2817 5.19788 5.61147 46.6719
727 0.956047 0.00248898 382 1 2 1 0 17.2853 5.05447 5.58331 42.8946
728 0.956323 0.00248898 382 1 2 1 0 17.1662 4.7238 3.27711 37.957
729 0.9566 0.00248898 382 1 2 1 0 16.9737 4.49297 3.92795 36.3252
730 0.956876 0.00248898 382 1 2 1 0 16.9595 4.42512 1.82069 36.7984
731 0.954664 0.00497797 381 1 2 2 0 17.0135 4.37774 1.70693 35.9186
732 0.95494 0.00497797 381 1 2 2 0 17.0782 4.38452 1.42056 35.3042
733 0.955217 0.00497797 381 1 2 2 0 17.145 4.42536 1.26191 36.1839
734 0.955494 0.00248898 381 0 4 1 0 17.0866 4.43136 0.545845 34.2415
735 0.956047 0.00248898 383 0 2 1 0 17.1778 4.52441 1.26679 34.1994
736 0.956323 0.00248898 383 0 2 1 0 17.1688 4.49497 3.67782 34.1259
737 0.9566 0.00248898 383 0 2 1 0 17.1959 4.46877 5.11091 34.0366
738 0.956876 0.00248898 383 0 2 1 0 17.247 4.44336 5.00048 34.0382
739 0.957153 0.00248898 383 0 2 1 0 17.2982 4.42443 4.89234 33.9991
740 0.957429 0.00248898 383 0 2 1 0 17.3531 4.42153 4.79608 34.1869
741 0.957706 0 383 0 2 0 0 17.3459 4.49683 4.70804 34.9353
742 0.957983 0 383 0 2 0 0 17.3557 4.52946 4.64815 35.4275
743 0.958259 0 385 0 0 0 0 17.4129 4.75729 3.63646 39.3301
744 0.958259 0 385 0 0 0 0 17.3108 4.75903 3.22152 38.1965
745 0.958259 0 385 0 0 0 0 17.2831 4.73664 3.71403 37.2461
746 0.958259 0 385 0 0 0 0 17.2778 4.68381 4.54787 36.3576
747 0.958259 0 385 0 0 0 0 17.2687 4.66302 4.45403 36.3997
748 0.958259 0 384 1 0 0 0 17.2571 4.65741 4.36339 36.4468
749 0.958259 0 384 1 0 0 0 17.2463 4.65907 4.30215 36.5922
750 0.958259 0 384 1 0 0 0 17.2348 4.6547 4.26686 36.4632
751 0.958259 0 384 1 0 0 0 17.2279 4.64641 4.2513 36.4733
752 0.958259 0 384 1 0 0 0 17.2221 4.63787 4.26907 36.557
753 0.958259 0 384 1 0 0 0 17.2145 4.62855 4.33278 36.6085
754 0.95577 0.00248898 383 1 0 1 0 17.2067 4.61863 4.43221 36.4183
755 0.95577 0.00248898 383 1 0 1 0 17.188 4.60385 3.73123 36.3482
756 0.95577 0.00248898 383 1 0 1 0 17.1688 4.58068 3.94245 36.2537
757 0.95577 0.00248898 383 0 2 1 0 17.1513 4.57322 4.44064 36.1723
758 0.956047 0.00248898 383 0 2 1 0 17.1183 4.5826 4.76372 36.0483
759 0.956323 0.00248898 382 1 2 1 0 17.118 4.55923 5.18659 35.9405
760 0.9566 0.00248898 382 1 2 1 0 17.1436 4.55438 5.2971 35.8552
761 0.956876 0.00248898 382 1 2 1 0 17.1908 4.53998 5.37397 35.8198
762 0.957153 0.00248898 382 1 2 1 0 17.2429 4.52649 5.42553 35.8366
763 0.957429 0.00248898 382 1 2 1 0 17.2971 4.51673 5.45738 35.8608
764 0.957706 0 382 1 2 0 0 17.3023 4.51529 5.46929 35.7905
765 0.957983 0 382 1 2 0 0 17.3667 4.5027 5.4637 35.7959
766 0.958259 0 383 2 0 0 0 17.5259 4.67165 5.65181 39.3075
767 0.95577 0.00248898 382 2 0 1 0 17.5531 4.63802 5.68043 38.8227
768 0.95577 0.00248898 382 1 2 1 0 17.6439 4.59638 5.75291 38.1794
769 0.956047 0.00248898 382 1 2 1 0 17.6668 4.64963 5.12849 37.7338
770 0.956323 0.00248898 382 1 2 1 0 17.6902 4.68008 4.75634 37.3438
771 0.9566 0.00248898 382 1 2 1 0 17.6898 4.60495 5.10217 37.0176
772 0.956876 0.00248898 382 1 2 1 0 17.7246 4.59037 5.14239 36.7293
773 0.957153 0.00248898 382 1 2 1 0 17.7614 4.59098 5.19403 36.4511
774 0.957429 0.00248898 382 1 2 1 0 17.8027 4.57294 5.33523 36.3697
775 0.957706 0.00248898 382 0 4 1 0 17.8776 4.543 3.91227 36.5753
776 0.953281 0.00746695 380 0 4 3 0 17.9574 4.52134 2.59503 36.8573
777 0.953834 0.00497797 382 0 2 2 0 18.03 4.60407 2.03953 37.034
778 0.954111 0.00497797 382 0 2 2 0 18.052 4.58596 1.72747 37.2162
779 0.954387 0.00497797 382 0 2 2 0 18.0828 4.56171 2.67808 37.4744
780 0.954664 0.00497797 382 0 2 2 0 18.1125 4.53409 4.45102 37.6172
781 0.95494 0.00497797 382 0 2 2 0 18.1348 4.50207 6.42598 37.8008
782 0.955217 0.00497797 382 0 2 2 0 18.1512 4.49759 6.50052 37.9681
783 0.955494 0.00497797 382 0 2 2 0 18.1829 4.51496 6.39633 38.1199
784 0.95577 0.00497797 384 0 0 2 0 18.2751 4.59116 5.93904 38.2469
785 0.953281 0.00746695 383 0 0 3 0 18.282 4.5983 5.37882 38.3852
786 0.953281 0.00248898 383 0 0 1 0 17.9662 4.68806 2.13334 38.4679
787 0.953281 0.00248898 383 0 0 1 0 17.8274 4.69865 2.68377 38.5619
788 0.953281 0.00248898 383 0 0 1 0 17.7709 4.68008 3.64664 38.5837
789 0.953281 0.00248898 383 0 0 1 0 17.7388 4.6509 3.25085 38.5452
790 0.953281 0.00248898 383 0 0 1 0 17.7095 4.65524 2.89382 38.5618
791 0.953281 0.00248898 383 0 0 1 0 17.6856 4.66191 2.6283 38.4133
792 0.953281 0.00248898 383 0 0 1 0 17.6702 4.66598 2.61582 38.3039
793 0.953281 0.00248898 383 0 0 1 0 17.6515 4.67473 2.97722 38.2713
794 0.953281 0.00248898 383 0 0 1 0 17.629 4.67647 4.1404 38.0538
795 0.953281 0 383 0 0 0 0 17.5441 4.74796 2.5686 37.9052
796 0.953281 0 383 0 0 0 0 17.4637 4.78476 2.20498 37.76
797 0.953281 0 383 0 0 0 0 17.347 4.84499 2.09171 37.6344
798 0.953281 0 383 0 0 0 0 17.3015 4.82275 2.37628 37.5532
799 0.953281 0 383 0 0 0 0 17.2718 4.79739 3.40738 37.4559
800 0.953281 0 383 0 0 0 0 17.2508 4.78026 4.70741 37.3519
