0 0.0174229 0 6 1 0 0 0 0.00103892 0.00119965 0 0.00242468
1 0.0174229 0 5 2 0 0 0 0.000128899 0.00014884 0 0.000300947
2 0.0174229 0 5 2 0 0 0 0.000122054 0.000140936 0 0.000284962
3 0.0174229 0 5 2 0 0 0 0.000115746 0.000133652 0 0.000270228
4 0.0174229 0 2 5 0 0 0 0.000109917 0.000126922 0 0.000256431
5 0.0174229 0 2 5 0 0 0 0.000104522 0.000120692 0 0.000243845
6 0.0174229 0 2 5 0 0 0 9.95176e-05 0.000114913 0 0.000232171
7 0.0174229 0 2 5 0 0 0 9.48667e-05 0.000109543 0 0.000221322
8 0.0174229 0 2 5 0 0 0 9.05369e-05 0.000104543 0 0.000211221
9 0.0174229 0 2 4 2 0 0 6.45141e-05 9.12367e-05 0 0.000193481
10 0.0176994 0 2 3 4 0 0 7.38985e-05 9.05068e-05 0 0.00018469
11 0.0182526 0 2 3 4 0 0 7.04118e-05 8.62365e-05 0 0.000175977
12 0.0188057 0 2 3 4 0 0 6.71248e-05 8.22108e-05 0 0.000167763
13 0.0193588 0 2 0 10 0 0 8.038e-05 8.038e-05 0 0.00016076
14 0.0207415 0 2 0 10 0 0 7.71265e-05 7.71265e-05 0 0.000154253
15 0.0221243 0 1 1 10 0 0 7.3668e-05 7.3668e-05 0 0
16 0.0235071 0 1 1 10 0 0 7.07274e-05 7.07274e-05 0 0
17 0.0248898 0 1 1 10 0 0 6.78831e-05 6.78831e-05 0 0
18 0.0262726 0 3 1 8 0 0 0.0745842 0.0951871 0 0.232859
19 0.0273788 0 5 1 6 0 0 0.0222161 0.0300205 0 0.0869518
20 0.0282085 0 5 1 6 0 0 0.0100303 0.0164526 0 0.0456459
21 0.0290382 0 4 2 6 0 0 0.00575284 0.00991215 0.000164783 0.0272233
22 0.0298678 0 9 3 0 0 0 0.0539897 0.0698455 2.48189e-05 0.201054
23 0.0298678 0 8 4 0 0 0 0.0205185 0.0261423 2.73447e-06 0.0760719
24 0.0298678 0 8 3 2 0 0 0.0120413 0.0139221 7.46365e-08 0.0400687
25 0.0301444 0 6 5 2 0 0 0.00564669 0.00630215 7.91665e-09 0.0180558
26 0.0304209 0 6 5 2 0 0 0.00352488 0.00385708 1.4259e-09 0.0109458
27 0.0306975 0 6 5 2 0 0 0.00230943 0.00249293 7.95809e-11 0.00699018
28 0.030974 0 5 6 2 0 0 0.00182593 0.00196006 8.1854e-12 0.00545318
29 0.0312506 0 4 7 2 0 0 0.00149485 0.00159863 1.0199e-12 0.00441559
30 0.0315271 0 3 7 4 0 0 0.00139711 0.00135709 1.52757e-13 0.00371923
31 0.0320802 0 3 6 6 0 0 0.00176674 0.00201529 2.6404e-14 0.00320119
32 0.0329099 0 1 7 8 0 0 0.0162276 0.0376652 0.00274184 0.00274184
33 0.0340161 0 2 8 6 0 0 0.0296827 0.0495985 0.0272924 0.138168
34 0.0348458 0 2 6 10 0 0 0.0355611 0.0368015 0.00778227 0.0495913
35 0.0362286 0 2 6 10 0 0 0.0326893 0.0382633 0.00366723 0.0262481
36 0.0376113 0 1 7 10 0 0 0.0325381 0.0404694 0.0166186 0.0166186
37 0.0389941 0 0 7 12 0 0 0.0365564 0.0448107 inf -100
38 0.0406534 0 0 6 14 0 0 0.0251603 0.0395796 inf -100
39 0.0425893 0 2 5 14 0 0 0.00972749 0.00964792 0.0157917 0.0157917
40 0.0445252 0 4 5 12 0 0 0.00958009 0.0118543 0.00176678 0.0350372
41 0.0461845 0 6 3 14 0 0 0.0687404 0.130264 0.000238125 0.421642
42 0.0481204 0 6 2 16 0 0 0.0881517 0.113958 4.02535e-05 0.344615
43 0.0503328 0 8 4 12 0 0 0.105415 0.114147 8.31763e-06 0.329457
44 0.0519921 0 6 6 12 0 0 0.079761 0.0962888 0.00419128 0.299426
45 0.0536514 0 5 6 14 0 0 0.0938491 0.0963419 0.0131003 0.305807
46 0.0555873 0 7 5 14 0 0 0.169121 0.239455 0.00918198 0.906507
47 0.0575232 0 9 5 12 0 0 0.169403 0.202896 0.0104005 0.738291
48 0.0591825 0 11 5 10 0 0 0.147231 0.175618 0.00902902 0.673521
49 0.0605653 0 11 5 10 0 0 0.0782758 0.0838681 0.00684742 0.291928
50 0.0619481 0 14 6 6 0 0 0.0831849 0.139849 0.00739529 0.64002
51 0.0627777 0 13 9 4 0 0 0.0749368 0.108149 0.000740919 0.410853
52 0.0633308 0 9 11 8 0 0 0.127201 0.36887 0.000161859 0.109828
53 0.064437 0 7 11 12 0 0 0.149438 0.272968 3.20517e-05 0.0888705
54 0.0660964 0 7 12 12 0 0 0.13791 0.204314 0.011718 0.247482
55 0.0677557 0 8 13 10 0 0 0.136682 0.192669 0.0184471 0.573924
56 0.0691385 0 8 13 10 0 0 0.0997925 0.150264 0.016174 0.258033
57 0.0705212 0 7 14 10 0 0 0.0837526 0.134092 0.0141326 0.150153
58 0.071904 0 5 16 10 0 0 0.0763713 0.126975 0.0124371 0.102359
59 0.0732868 0 4 16 12 0 0 0.0782006 0.142631 0.010992 0.0394274
60 0.0749461 0 4 13 18 0 0 0.134003 0.211639 0.00972868 0.0292023
61 0.0774351 0 8 9 22 0 0 0.125973 0.158254 0.00858406 0.294083
62 0.0804772 0 12 7 22 0 0 0.118185 0.152321 0.0057824 0.447636
63 0.0835193 0 13 6 24 0 0 0.0686586 0.0729309 0.00349235 0.212597
64 0.0868379 0 11 7 26 0 0 0.0567943 0.0629277 0.000871601 0.207339
65 0.0904331 0 10 8 26 0 0 0.0671156 0.0794961 0.000200979 0.239847
66 0.0940283 0 10 7 28 0 0 0.0699796 0.100225 6.01527e-05 0.37018
67 0.0979001 0 10 5 32 0 0 0.0520188 0.0755503 3.13006e-05 0.245476
68 0.102325 0 11 5 32 0 0 0.113717 0.164923 2.44988e-05 0.681336
69 0.10675 0 17 5 26 0 0 0.183265 0.274779 2.29757e-05 0.957397
70 0.110345 0 24 6 18 0 0 0.252116 0.410541 0.00151766 1.72585
71 0.112834 0 27 7 14 0 0 0.157432 0.244491 0.00152991 1.2309
72 0.11477 0 29 8 12 0 0 0.131806 0.188169 0.00599566 0.926748
73 0.116429 0 26 11 14 0 0 0.0938915 0.137941 0.00334666 0.785761
74 0.118365 0 23 13 16 0 0 0.112045 0.168455 0.00643874 0.800675
75 0.120577 0 25 13 14 0 0 0.133121 0.168113 0.00315168 0.730373
76 0.122513 0 28 14 10 0 0 0.164192 0.247897 0.000692146 0.831555
77 0.123896 0 27 16 10 0 0 0.197375 0.338197 0.000722162 1.61304
78 0.125279 0 26 17 10 0 0 0.147451 0.249316 0.00158311 0.73379
79 0.126662 0 24 18 12 0 0 0.129751 0.232673 0.00212594 0.599841
80 0.128321 0 22 19 14 0 0 0.21785 0.381414 0.00251746 0.923935
81 0.130257 0 22 19 16 0 0 0.180465 0.338213 0.00277759 1.08354
82 0.132469 0 26 14 22 0 0 0.258879 0.390363 0.00591878 1.17354
83 0.135511 0 27 12 26 0 0 0.401736 0.649367 9.27873e-05 3.7743
84 0.139107 0 27 12 26 0 0 0.334714 0.446369 0.00246631 2.39637
85 0.142702 0 23 15 28 0 0 0.373544 0.641597 0.00345755 3.61798
86 0.146574 0 24 13 32 0 0 0.353197 0.439406 0.00610287 2.50011
87 0.150998 0 19 17 34 0 0 0.489619 0.706904 0.029914 3.11039
88 0.1557 0 19 17 36 0 0 0.561928 0.846562 0.0345738 3.67401
89 0.160678 0 19 17 38 0 0 0.774598 1.21427 0.0378945 5.25163
90 0.165932 0 22 16 38 0 0 0.797689 1.07485 0.0404283 3.99621
91 0.171187 0 29 19 28 0 0 0.713107 0.835975 0.0118008 3.05805
92 0.175059 0 32 21 24 0 0 0.645058 0.664173 0.0195291 2.46959
93 0.178377 0 31 22 24 0 0 0.540892 0.555444 0.0119712 2.09521
94 0.181696 0 28 23 30 0 0 0.652177 0.727524 0.0173366 3.0362
95 0.185844 0 29 27 26 0 0 0.532154 0.605396 0.0179015 1.99676
96 0.189439 0 29 24 34 0 0 0.527315 0.558985 0.00897062 1.82068
97 0.194141 0 32 23 34 0 0 0.460335 0.430202 0.0416947 1.51472
98 0.198842 0 34 23 34 0 0 0.433702 0.391663 0.0209946 1.52008
99 0.203544 0 34 26 32 0 0 0.409573 0.422841 0.00887403 1.95004
100 0.207968 0 30 27 38 0 0 0.395733 0.437368 0.00688841 1.79937
101 0.213223 0 30 26 42 0 0 0.336941 0.366066 0.00994315 1.69334
102 0.219031 0 29 26 44 0 0 0.374798 0.401034 0.0277476 1.69562
103 0.225115 0 37 21 46 0 0 0.489938 0.548715 0.0537796 1.91952
104 0.231476 0 36 19 54 0 0 0.624787 0.623327 0.0106952 1.95621
105 0.238943 0 41 22 48 0 0 0.955398 1.07245 0.0133317 5.44824
106 0.24558 0 43 23 46 0 0 0.900959 1.09172 0.014688 4.26869
107 0.251941 0 42 26 46 0 0 0.847637 1.1431 0.022912 4.04134
108 0.258301 0 41 25 52 0 0 1.01447 1.38212 0.0272474 5.39023
109 0.265492 0 43 25 54 0 0 1.10157 1.5968 0.0159069 6.24085
110 0.272959 0 45 27 52 0 0 0.972174 1.31055 0.00552686 5.62968
111 0.280149 0 46 27 52 0 0 1.02443 1.36831 0.00834602 5.34705
112 0.287339 0 53 30 42 0 0 1.04543 1.38925 0.0128814 6.45629
113 0.293147 0 61 29 38 0 0 1.19928 1.86629 0.0122801 8.42309
114 0.298402 0 63 26 44 0 0 1.08743 1.76425 0.0085804 9.86469
115 0.304486 0 60 29 46 0 0 0.943665 1.59793 0.00600401 9.44142
116 0.310847 0 62 26 52 0 0 0.999887 1.44682 0.00514576 7.15853
117 0.318037 0 65 28 50 0 0 0.939952 1.34123 0.0505688 6.10804
118 0.324951 0 68 29 50 0 0 1.38344 2.16464 0.0230975 10.5217
119 0.331865 0 68 29 54 0 0 1.40808 2.17419 0.00804976 11.3319
120 0.339332 0 66 32 54 0 0 1.42041 2.18308 0.0121198 10.604
121 0.346799 0 62 33 60 0 0 1.37199 2.00147 0.023186 9.27577
122 0.355095 0 67 32 58 0 0 1.4358 1.88326 0.0166194 8.67266
123 0.363115 0 75 32 52 0 0 1.59232 1.98776 0.00454802 9.28315
124 0.370306 0 77 29 58 0 0 1.58159 1.75349 0.0129527 8.05707
125 0.378326 0 84 30 52 0 0 1.31726 1.49822 0.0123002 7.06307
126 0.385516 0 85 30 56 0 0 1.22812 1.27154 0.0394445 6.03762
127 0.39326 0 87 31 58 0 0 1.21651 1.22036 0.0525326 5.27668
128 0.40128 0 92 30 58 0 0 1.0692 1.02644 0.00904731 4.44799
129 0.4093 0 88 32 64 0 0 1.10758 1.08945 0.00386424 4.93065
130 0.41566 0.00248898 89 32 66 1 0 1.10495 0.975574 0.014985 4.62206
131 0.424787 0.00248898 88 36 64 1 0 1.01195 0.968 0.0130723 4.46177
132 0.433636 0.00248898 82 44 64 1 0 1.05961 1.06124 0.0102568 4.62577
133 0.442486 0.00248898 89 45 58 1 0 1.08928 1.09375 0.00923359 5.05183
134 0.450506 0.00248898 90 45 60 1 0 1.2099 1.38723 0.0108861 6.03435
135 0.458803 0.00248898 95 45 60 1 0 1.25802 1.38971 0.0151066 6.37655
136 0.467099 0.00248898 100 44 62 1 0 1.20569 1.19621 0.0124249 6.01569
137 0.475673 0.00248898 102 47 60 1 0 1.24778 1.21475 0.000341806 6.42384
138 0.483969 0.00248898 109 42 64 1 0 1.36314 1.3703 0.0152954 6.81195
139 0.49033 0.00497797 114 40 64 2 0 1.36323 1.43201 0.00630892 8.14478
140 0.49918 0.00248898 112 39 72 1 0 1.38663 1.55283 0.00410532 7.39997
141 0.509136 0.00248898 111 34 88 1 0 1.59382 1.5759 0.00943656 6.69937
142 0.521304 0.00248898 105 41 90 1 0 1.62226 1.58673 0.00393266 6.18735
143 0.533749 0.00248898 103 46 90 1 0 1.95345 1.78576 0.0186018 6.42832
144 0.546194 0.00248898 108 46 90 1 0 2.26754 2.12037 0.0389079 8.21204
145 0.558639 0.00248898 113 48 88 1 0 2.35471 2.33779 0.0356466 10.8539
146 0.568318 0.00497797 115 45 94 2 0 2.40739 2.88573 0.0393361 17.7197
147 0.581316 0.00497797 119 52 84 2 0 2.52085 2.92622 0.0469703 16.9692
148 0.590442 0.00746695 122 54 80 3 0 2.75303 2.95584 0.0380715 14.8411
149 0.601505 0.00497797 130 52 78 2 0 3.2101 3.19558 0.0800655 15.4315
150 0.61229 0.00497797 142 55 68 2 0 3.47491 3.12673 0.0335318 14.5469
151 0.621693 0.00497797 147 46 82 2 0 3.30288 2.96347 0.00931773 14.1734
152 0.633032 0.00497797 149 42 92 2 0 3.48909 3.20082 0.0371631 13.2942
153 0.645753 0.00497797 156 40 92 2 0 3.75731 3.28647 0.0163212 13.4242
154 0.658475 0.00497797 164 35 96 2 0 3.94283 3.36304 0.0322177 13.4103
155 0.671749 0.00497797 173 35 90 2 0 4.07009 3.28616 0.0260561 14.0133
156 0.684194 0.00248898 172 30 104 1 0 4.33619 3.50079 0.0268056 15.8216
157 0.698575 0.00248898 174 28 108 1 0 5.04498 3.86196 0.0201762 19.9684
158 0.713509 0 178 30 104 0 0 5.47261 3.98852 0.0110736 20.4817
159 0.72789 0 188 22 110 0 0 5.73673 4.00718 0.0218558 18.3524
160 0.7431 0 205 24 92 0 0 6.47339 4.35744 0.130009 22.4663
161 0.755822 0 219 22 84 0 0 6.9984 4.52609 0.0811135 21.3545
162 0.767437 0 228 20 80 0 0 6.85602 4.35805 0.372217 24.2221
163 0.778499 0 239 21 70 0 0 7.12964 4.7555 0.306526 25.3369
164 0.788178 0 240 23 70 0 0 7.46845 4.9195 0.2079 23.1933
165 0.797858 0 255 21 60 0 0 7.69231 5.13492 0.11228 24.7743
166 0.806154 0 260 22 56 0 0 8.38358 5.47868 0.22418 28.5781
167 0.813898 0 260 22 60 0 0 9.12369 5.61896 0.185549 29.9612
168 0.822195 0 274 24 44 0 0 9.70644 5.79021 0.16487 30.2043
169 0.828279 0 275 22 48 0 0 10.4952 5.89941 0.217821 30.4261
170 0.834916 0 282 21 44 0 0 10.9127 6.20906 0.459899 31.1232
171 0.841 0 288 20 40 0 0 11.1943 6.5802 0.405291 30.3914
172 0.846531 0 292 17 42 0 0 11.3985 6.51674 0.151423 30.0694
173 0.852339 0 295 15 46 0 0 11.8131 6.73843 0.0971586 33.7723
174 0.8587 0 300 15 42 0 0 11.8428 6.70962 0.170955 35.1176
175 0.864507 0 301 15 44 0 0 11.6787 6.66238 0.105681 36.3157
176 0.870591 0 307 13 44 0 0 11.9007 6.571 0.520887 34.4912
177 0.876676 0 304 14 48 0 0 12.4744 6.56484 0.256726 33.1716
178 0.883313 0 310 13 44 0 0 13.0588 6.75022 0.546563 32.8448
179 0.889397 0 314 12 42 0 0 13.3725 6.8185 0.508458 34.6401
180 0.895205 0 316 12 40 0 0 13.4626 6.73129 0.516364 35.2237
181 0.900736 0 322 12 34 0 0 13.7103 6.86958 0.597805 33.5465
182 0.905437 0 331 10 30 0 0 13.9324 7.01959 0.60146 34.6081
183 0.907097 0.00248898 332 9 30 1 0 13.9759 6.95386 0.167698 36.3913
184 0.911245 0.00248898 337 7 30 1 0 14.4527 7.01266 0.562748 40.9967
185 0.915393 0.00248898 344 6 26 1 0 14.8303 7.07288 0.697055 38.8624
186 0.918988 0.00248898 348 3 28 1 0 14.9844 6.99637 0.899846 37.6542
187 0.92286 0.00248898 347 6 26 1 0 15.0668 6.92771 0.926599 37.8076
188 0.926455 0.00248898 348 7 24 1 0 15.0757 6.79719 0.493181 37.9426
189 0.929774 0.00248898 347 8 24 1 0 15.0093 6.6392 0.749923 39.2956
190 0.933093 0.00248898 345 10 24 1 0 15.1452 6.56361 0.918721 40.8105
191 0.933922 0.00497797 350 9 20 2 0 15.6324 6.6099 1.27118 43.4489
192 0.936688 0.00497797 352 9 18 2 0 15.711 6.49306 2.34316 43.7705
193 0.939177 0.00248898 358 8 14 1 0 15.9958 6.73715 0.604956 43.2003
194 0.941113 0.00248898 362 7 12 1 0 16.1141 6.76549 0.345314 42.881
195 0.942772 0.00248898 368 7 6 1 0 15.9924 6.71731 0.52604 41.635
196 0.943602 0.00248898 367 5 12 1 0 16.047 6.4658 1.08259 40.2736
197 0.945261 0.00248898 366 5 14 1 0 16.0625 6.27672 1.19477 39.2519
198 0.947197 0.00248898 366 4 16 1 0 16.2448 6.30206 1.65825 39.1566
199 0.949409 0.00248898 365 3 20 1 0 16.4273 6.13444 3.51863 39.3549
200 0.949686 0.00497797 366 3 18 2 0 16.791 6.25858 3.76786 44.0779
201 0.952175 0.00248898 366 3 18 1 0 16.9056 6.17453 2.81567 43.88
202 0.954664 0.00248898 368 3 16 1 0 17.2941 6.3185 1.77472 43.8796
203 0.956876 0.00248898 370 3 14 1 0 17.6527 6.53877 1.44571 43.9443
204 0.956323 0.00497797 368 4 14 2 0 17.8957 6.76585 2.65134 43.9448
205 0.958259 0.00497797 374 3 10 2 0 18.4732 7.06522 2.21794 43.604
206 0.959642 0.00497797 376 2 10 2 0 18.6713 7.04353 1.99316 45.0236
207 0.961025 0.00497797 378 2 8 2 0 18.6805 7.11182 0.755336 46.1932
208 0.962131 0.00497797 382 1 6 2 0 18.6337 7.02278 0.375146 45.3589
209 0.96296 0.00497797 381 2 6 2 0 18.328 6.64778 1.64073 40.6941
210 0.96379 0.00248898 381 2 6 1 0 17.5503 6.4581 1.08878 41.7568
211 0.96462 0.00248898 380 3 6 1 0 17.5411 6.32244 1.80828 39.2264
212 0.965449 0.00248898 380 3 6 1 0 17.663 6.30258 1.42652 40.1764
213 0.966279 0.00248898 379 3 8 1 0 17.9763 6.43494 1.99069 40.7569
214 0.967385 0 381 3 6 0 0 18.0195 6.11161 0.971963 39.5234
215 0.968215 0 383 3 4 0 0 18.0407 5.9339 2.02137 39.6908
216 0.968768 0 382 4 4 0 0 17.991 5.83589 4.01034 40.1631
217 0.969321 0 384 4 2 0 0 17.9494 5.85543 4.15743 40.6105
218 0.969598 0 384 3 4 0 0 17.8745 5.89188 3.81407 40.522
219 0.970151 0 384 3 4 0 0 17.8256 5.95219 3.43599 40.4539
220 0.970704 0 384 2 6 0 0 17.979 6.07336 3.22001 40.6686
221 0.971534 0 384 2 6 0 0 18.0246 6.19169 2.00304 43.3422
222 0.972363 0 386 1 6 0 0 17.8679 6.23856 1.80724 46.935
223 0.973193 0 386 1 6 0 0 17.7299 6.28033 1.4926 48.0956
224 0.974023 0 386 1 6 0 0 17.6427 6.36089 1.48158 48.3139
225 0.974852 0 386 0 8 0 0 17.8315 6.66175 2.86957 47.468
226 0.975959 0 386 0 8 0 0 17.9115 6.67613 1.7555 46.5523
227 0.977065 0 388 0 6 0 0 18.1347 6.80327 1.60903 45.8521
228 0.977894 0 388 0 6 0 0 18.2083 6.60648 1.89003 45.3504
229 0.978724 0 390 0 4 0 0 18.2489 6.38584 2.89682 42.4982
230 0.979277 0 390 0 4 0 0 18.3786 6.40658 4.13212 43.1952
231 0.97983 0 392 0 2 0 0 18.5738 6.47942 4.644 42.3162
232 0.980107 0 392 0 2 0 0 18.6234 6.45818 4.81645 42.7341
233 0.980383 0 392 0 2 0 0 18.6605 6.43018 4.86039 45.1882
234 0.98066 0 394 0 0 0 0 18.7484 6.41936 4.8343 47.2881
235 0.98066 0 394 0 0 0 0 18.7529 6.40749 4.64368 46.9546
236 0.98066 0 394 0 0 0 0 18.7559 6.40213 4.50084 46.6338
237 0.98066 0 394 0 0 0 0 18.756 6.39772 4.39236 46.3238
238 0.978171 0.00248898 393 0 0 1 0 18.7532 6.40504 4.25599 46.1633
239 0.978171 0.00248898 393 0 0 1 0 18.752 6.40594 4.23986 46.0513
240 0.978171 0.00248898 393 0 0 1 0 18.7509 6.40364 4.14622 45.8955
241 0.978171 0.00248898 393 0 0 1 0 18.7501 6.40351 4.16315 45.8308
242 0.978171 0.00248898 393 0 0 1 0 18.7493 6.4021 4.14052 45.7466
243 0.978171 0.00248898 393 0 0 1 0 18.7491 6.40019 4.12415 45.6747
244 0.978171 0.00248898 393 0 0 1 0 18.7489 6.39811 4.11219 45.6124
245 0.978171 0.00248898 393 0 0 1 0 18.7486 6.39619 4.10399 45.5616
246 0.978171 0.00248898 393 0 0 1 0 18.7487 6.39409 4.10646 45.514
247 0.978171 0.00248898 393 0 0 1 0 18.7494 6.39237 4.05386 45.4391
248 0.978171 0 393 0 0 0 0 18.679 6.37586 4.11042 45.4521
249 0.978171 0 393 0 0 0 0 18.6877 6.37553 4.05153 45.366
250 0.978171 0 393 0 0 0 0 18.6914 6.37676 4.09627 45.3619
251 0.978171 0 393 0 0 0 0 18.6932 6.37487 4.04708 45.2942
252 0.978171 0 393 0 0 0 0 18.6943 6.37568 4.09477 45.3041
253 0.978171 0 393 0 0 0 0 18.6949 6.37361 4.0471 45.2468
254 0.978171 0 393 0 0 0 0 18.6955 6.37457 4.0956 45.2645
255 0.978171 0 393 0 0 0 0 18.6957 6.37251 4.04856 45.2135
256 0.978171 0 392 1 0 0 0 18.696 6.37208 4.04953 45.2006
257 0.978171 0 392 1 0 0 0 18.6962 6.3717 4.05057 45.1896
258 0.978171 0 392 1 0 0 0 18.6963 6.37138 4.05167 45.18
259 0.978171 0 392 1 0 0 0 18.6967 6.3729 4.10052 45.2076
260 0.978171 0 392 1 0 0 0 18.6966 6.37088 4.05382 45.1647
261 0.978171 0 392 1 0 0 0 18.6967 6.37068 4.05484 45.1586
262 0.978171 0 392 1 0 0 0 18.6967 6.37052 4.05584 45.1533
263 0.978171 0 392 1 0 0 0 18.6968 6.37038 4.05679 45.1486
264 0.978171 0 392 1 0 0 0 18.6971 6.37224 4.1054 45.1803
265 0.978171 0 392 0 2 0 0 18.8955 6.33248 3.14562 45.1799
266 0.978447 0 391 1 2 0 0 18.9585 6.30301 3.84812 45.2401
267 0.976235 0.00248898 390 1 2 1 0 19.0319 6.29406 2.97183 45.354
268 0.976512 0.00248898 390 1 2 1 0 19.1196 6.29615 2.376 45.724
269 0.976788 0.00248898 390 1 2 1 0 19.2113 6.31544 1.95034 46.4444
270 0.977065 0.00248898 390 1 2 1 0 19.3028 6.34251 1.68176 47.0089
271 0.974852 0.00497797 389 1 2 2 0 19.3436 6.31293 1.69489 47.7405
272 0.975129 0.00497797 389 1 2 2 0 19.4299 6.35382 1.87552 48.568
273 0.975405 0.00497797 389 1 2 2 0 19.5198 6.40464 2.13598 48.8824
274 0.975682 0.00497797 391 1 0 2 0 19.711 6.63746 2.39997 48.3977
275 0.975682 0.00497797 391 0 2 2 0 19.8365 6.61552 2.38869 46.2428
276 0.97347 0.00746695 389 1 2 3 0 19.8379 6.62652 0.690424 46.848
277 0.973746 0.00497797 389 1 2 2 0 19.5908 6.34138 0.214421 45.6604
278 0.974023 0.00497797 389 1 2 2 0 19.4159 6.28285 4.27716 45.9046
279 0.974299 0.00497797 389 1 2 2 0 19.369 6.2569 3.208 45.5674
280 0.974576 0.00497797 389 1 2 2 0 19.4017 6.24344 2.22172 46.0417
281 0.972363 0.00497797 388 1 2 2 0 19.1503 6.26435 3.25247 46.3684
282 0.97264 0.00497797 388 1 2 2 0 19.1597 6.25922 5.17917 46.5116
283 0.970427 0.00746695 387 1 2 3 0 19.2033 6.28389 5.21334 46.3813
284 0.968215 0.00995594 388 1 0 4 0 19.3897 6.44634 5.23068 45.9106
285 0.968215 0.00995594 388 0 2 4 0 19.5021 6.40128 2.53277 45.4181
286 0.968492 0.00746695 388 0 2 3 0 19.4244 6.3958 4.20867 45.1506
287 0.968768 0.00746695 388 0 2 3 0 19.4526 6.36344 3.34417 45.0357
288 0.969045 0.00746695 388 0 2 3 0 19.4982 6.30823 2.91408 45.1443
289 0.969321 0.00746695 388 0 2 3 0 19.5296 6.24923 4.46222 45.3997
290 0.969598 0.00746695 388 0 2 3 0 19.5492 6.21723 4.35739 45.7177
291 0.969874 0.00497797 387 1 2 2 0 19.5036 6.19071 4.391 46.0031
292 0.970151 0.00497797 387 1 2 2 0 19.545 6.21484 4.36589 46.2501
293 0.970427 0.00248898 387 1 2 1 0 19.5073 6.1728 4.32704 46.4934
294 0.970704 0 389 1 0 0 0 19.2171 6.10517 4.36878 46.6344
295 0.968215 0.00248898 387 2 0 1 0 18.7839 6.18813 4.43275 46.4308
296 0.968215 0.00248898 387 2 0 1 0 18.4067 6.30965 2.52568 46.0805
297 0.965726 0.00497797 386 2 0 2 0 18.2549 6.30204 0.57941 45.5744
298 0.965726 0.00497797 385 3 0 2 0 18.2178 6.22626 3.05357 45.0374
299 0.965726 0.00497797 385 3 0 2 0 18.2466 6.1408 3.93954 44.6317
300 0.963237 0.00746695 382 4 2 3 0 18.4071 6.03343 4.32534 44.4658
301 0.963514 0.00746695 382 4 2 3 0 18.4287 5.99796 4.05703 44.4936
302 0.96379 0.00746695 382 4 2 3 0 18.4436 5.97469 3.9499 44.5451
303 0.964067 0.00746695 381 5 2 3 0 18.4505 5.9513 4.00566 44.5882
304 0.964343 0.00746695 381 4 4 3 0 18.5048 5.8802 4.09174 44.6102
305 0.964896 0.00497797 381 4 4 2 0 18.466 5.8771 3.78691 44.6243
306 0.965449 0.00497797 381 4 4 2 0 18.553 5.85407 4.00543 44.6527
307 0.966003 0.00248898 381 3 6 1 0 18.685 5.79296 4.45118 44.7325
308 0.966832 0.00248898 381 3 6 1 0 18.7579 5.79361 0.444955 44.8449
309 0.967662 0.00248898 383 1 8 1 0 19.3297 5.90118 0.0418547 45.084
310 0.968768 0 383 1 8 0 0 19.3709 5.8786 1.11698 45.4504
311 0.967385 0.00248898 382 1 8 1 0 19.3704 5.84696 0.392599 45.8772
312 0.968492 0.00248898 382 0 10 1 0 19.3667 5.79067 3.5073 47.1999
313 0.969874 0.00248898 384 0 8 1 0 19.3942 5.77601 3.59234 47.6186
314 0.970981 0.00248898 384 0 8 1 0 19.5935 5.81722 3.15712 48.2712
315 0.972087 0.00248898 384 0 8 1 0 19.7977 5.90131 1.81573 49.0643
316 0.973193 0.00248898 386 0 6 1 0 19.9774 6.10081 0.917018 49.9474
317 0.974023 0.00248898 386 0 6 1 0 19.7794 6.39894 0.962657 50.7693
318 0.974852 0.00248898 390 0 2 1 0 19.8238 6.51474 0.551963 50.7217
319 0.97264 0.00497797 389 0 2 2 0 19.889 6.44738 0.196604 50.2199
320 0.972916 0.00497797 389 0 2 2 0 19.9255 6.33223 0.62424 49.1328
321 0.973193 0.00248898 391 0 0 1 0 19.7038 6.05905 0.728111 48.3221
322 0.973193 0.00248898 391 0 0 1 0 19.6165 5.99951 0.572199 47.3732
323 0.970704 0.00497797 390 0 0 2 0 19.5504 6.04227 0.692661 47.0539
324 0.970704 0.00497797 390 0 0 2 0 19.4747 6.10727 1.06847 46.9521
325 0.970704 0.00497797 389 1 0 2 0 19.3826 6.19787 5.70282 46.9091
326 0.970704 0.00497797 389 1 0 2 0 19.2878 6.28824 5.51461 46.8791
327 0.968215 0.00746695 388 1 0 3 0 19.2634 6.30295 4.3425 46.8355
328 0.968215 0.00746695 387 2 0 3 0 19.2729 6.24024 5.85625 46.761
329 0.968215 0.00497797 387 2 0 2 0 19.1696 6.17564 5.7916 46.6743
330 0.968215 0.00497797 387 2 0 2 0 19.0208 6.19338 4.61745 46.5516
331 0.968215 0.00497797 387 2 0 2 0 18.75 6.1595 1.89811 46.4102
332 0.968215 0.00497797 387 2 0 2 0 18.5732 6.10206 5.64633 46.2806
333 0.968215 0.00248898 387 2 0 1 0 18.4667 6.01306 4.70476 45.4086
334 0.968215 0.00248898 387 1 2 1 0 18.5701 5.96488 4.10497 45.7438
335 0.968492 0.00248898 387 1 2 1 0 18.5493 6.01869 2.35525 45.6697
336 0.966279 0.00497797 385 2 2 2 0 18.5257 6.09821 0.677131 45.6702
337 0.966556 0.00248898 385 1 4 1 0 18.5341 6.22378 0.521551 46.355
338 0.967109 0.00248898 385 1 4 1 0 18.3297 6.31233 1.93367 46.7591
339 0.967662 0.00248898 385 1 4 1 0 18.2162 6.37433 2.23767 46.5811
340 0.968215 0.00248898 385 1 4 1 0 18.2021 6.35615 1.85683 46.2227
341 0.968768 0.00248898 384 2 4 1 0 18.2151 6.37061 2.21839 46.0613
342 0.969321 0.00248898 384 2 4 1 0 18.2291 6.36587 2.45256 46.086
343 0.969874 0.00248898 386 2 2 1 0 18.3209 6.48439 3.03765 46.1681
344 0.970151 0.00248898 386 2 2 1 0 18.2157 6.47073 3.10871 46.278
345 0.967938 0.00497797 384 2 4 2 0 18.338 6.41279 3.7858 46.9175
346 0.968492 0.00248898 385 3 2 1 0 18.2879 6.3355 1.27076 47.4291
347 0.968768 0.00248898 385 3 2 1 0 18.2326 6.23575 2.80832 47.472
348 0.969045 0.00248898 385 3 2 1 0 18.1952 6.12035 2.71658 47.4786
349 0.969321 0.00248898 385 3 2 1 0 18.1927 6.04539 3.19915 46.9949
350 0.969598 0.00248898 385 2 4 1 0 18.1982 6.04638 3.61183 47.6925
351 0.970151 0.00248898 385 2 4 1 0 18.1882 6.03773 3.86053 47.9122
352 0.970704 0.00248898 385 2 4 1 0 18.2523 6.03149 3.80005 48.0142
353 0.971257 0.00248898 384 3 4 1 0 18.3456 6.01617 3.74126 48.0497
354 0.97181 0.00248898 386 2 4 1 0 18.485 5.93302 3.70256 47.2567
355 0.972363 0 385 2 6 0 0 18.6718 6.08855 2.33918 45.7739
356 0.973193 0 385 2 6 0 0 18.8471 6.13319 2.93249 44.9953
357 0.974023 0 385 2 6 0 0 19.0523 6.21097 2.91511 45.5665
358 0.974852 0 385 2 6 0 0 19.3333 6.26301 3.2481 46.0953
359 0.975682 0 387 2 4 0 0 19.708 6.42099 2.81351 46.5715
360 0.976235 0 387 2 4 0 0 19.9307 6.50521 2.70468 48.0762
361 0.976788 0 386 3 4 0 0 20.1347 6.61979 2.76644 50.4343
362 0.977341 0 386 2 6 0 0 20.3854 6.73664 0.468145 51.5205
363 0.978171 0 388 2 4 0 0 20.5195 6.90206 0.858602 48.5782
364 0.978724 0 390 1 4 0 0 20.0055 6.41855 0.937547 48.662
365 0.979277 0 390 1 4 0 0 19.9203 6.21548 1.60176 47.9986
366 0.97983 0 390 1 4 0 0 19.9252 6.20248 2.79394 47.6495
367 0.980383 0 390 1 4 0 0 19.9771 6.25318 3.40705 47.5566
368 0.980936 0 389 2 4 0 0 20.0816 6.24734 3.9715 47.5881
369 0.979001 0.00248898 387 3 4 1 0 20.1962 6.25585 3.52509 47.6828
370 0.979554 0.00248898 387 2 6 1 0 20.4123 6.26636 3.75302 47.8366
371 0.980383 0.00248898 388 3 4 1 0 20.6964 6.39789 3.87829 48.0702
372 0.980936 0.00248898 388 3 4 1 0 20.8664 6.43924 4.03486 48.3347
373 0.98149 0.00248898 390 3 2 1 0 21.1225 6.62507 4.12682 48.6112
374 0.981766 0.00248898 390 3 2 1 0 21.1426 6.61933 4.18722 48.833
375 0.982043 0.00248898 390 3 2 1 0 21.1706 6.61983 4.21459 49.0209
376 0.97983 0.00497797 389 3 2 2 0 21.1661 6.67209 3.41506 49.2031
377 0.980107 0.00497797 389 2 4 2 0 21.2723 6.68487 4.40766 49.3795
378 0.978171 0.00746695 388 1 6 3 0 21.5622 6.67505 2.84159 49.9188
379 0.979001 0.00497797 390 1 4 2 0 21.6111 6.66135 2.22229 50.49
380 0.979554 0.00497797 389 1 6 2 0 21.7674 6.64248 2.37612 50.8627
381 0.980383 0.00497797 389 1 6 2 0 21.901 6.67708 2.47992 51.0311
382 0.981213 0.00497797 389 1 6 2 0 22.081 6.73158 3.61913 51.1709
383 0.982043 0.00497797 389 1 6 2 0 22.2928 6.80901 3.3547 51.3136
384 0.982872 0.00497797 389 1 6 2 0 22.4813 6.92192 1.47578 51.4639
385 0.983702 0.00497797 389 1 6 2 0 22.565 7.03219 0.675236 51.6159
386 0.984532 0.00248898 391 1 4 1 0 22.2498 6.95848 1.48006 51.8149
387 0.985085 0.00248898 393 1 2 1 0 21.7459 6.92942 4.33497 51.9866
388 0.985361 0 393 1 2 0 0 21.4814 6.83264 3.55779 45.6836
389 0.985638 0 395 0 2 0 0 21.6185 6.93959 4.83948 47.8008
390 0.983425 0.00248898 394 0 2 1 0 21.6093 6.79441 5.69193 46.4375
391 0.983702 0.00248898 394 0 2 1 0 21.5812 6.52378 3.52413 43.0794
392 0.98149 0.00497797 393 0 2 2 0 21.3725 6.23098 2.72147 42.9962
393 0.981766 0.00497797 393 0 2 2 0 21.0915 5.98065 3.19655 43.2388
394 0.982043 0.00497797 393 0 2 2 0 20.8971 5.92318 4.82311 43.5831
395 0.982319 0.00497797 393 0 2 2 0 20.8149 5.97062 7.26445 44.7677
396 0.980107 0.00746695 392 0 2 3 0 20.7663 6.06472 7.31552 48.0604
397 0.980383 0.00746695 392 0 2 3 0 20.745 6.14388 6.92905 50.5988
398 0.98066 0.00746695 394 0 0 3 0 20.7463 6.16669 6.54694 52.2644
399 0.98066 0.00746695 394 0 0 3 0 20.6934 6.09781 6.40636 52.3695
400 0.98066 0.00497797 394 0 0 2 0 20.5463 5.9636 6.34817 51.5437
401 0.978171 0.00746695 393 0 0 3 0 20.4338 5.81486 6.36616 49.8484
402 0.978171 0.00497797 393 0 0 2 0 20.1084 5.71034 6.44894 46.649
403 0.978171 0.00497797 393 0 0 2 0 19.771 5.62697 5.04257 46.2451
404 0.978171 0.00497797 392 1 0 2 0 19.5821 5.54226 5.30277 46.3696
405 0.978171 0.00497797 392 1 0 2 0 19.4888 5.48402 5.3252 46.4023
406 0.975682 0.00497797 391 1 0 2 0 19.3312 5.4081 5.21522 46.3412
407 0.975682 0.00497797 391 1 0 2 0 19.3122 5.407 5.17702 47.3094
408 0.975682 0.00497797 391 1 0 2 0 19.3067 5.40512 5.27031 47.4094
409 0.975682 0.00497797 391 1 0 2 0 19.3007 5.40754 5.36011 47.7548
410 0.975682 0.00497797 391 1 0 2 0 19.2972 5.41788 5.40854 48.6732
411 0.975682 0.00248898 391 1 0 1 0 19.2268 5.40937 5.4063 47.1642
412 0.975682 0.00248898 390 2 0 1 0 19.229 5.39899 5.49487 47.0869
413 0.975682 0.00248898 390 1 2 1 0 19.4162 5.39689 5.54714 47.7923
414 0.975959 0.00248898 390 1 2 1 0 19.5035 5.424 3.97739 47.9107
415 0.976235 0.00248898 390 1 2 1 0 19.5871 5.4728 2.61253 48.142
416 0.976512 0 390 1 2 0 0 19.5825 5.5604 1.95922 48.3156
417 0.976788 0 390 1 2 0 0 19.6265 5.62878 1.88043 48.2226
418 0.977065 0 390 1 2 0 0 19.6528 5.61732 3.05041 48.3182
419 0.977341 0 390 1 2 0 0 19.6818 5.55592 4.70681 48.4286
420 0.977618 0 390 1 2 0 0 19.6934 5.4967 5.89747 48.5481
421 0.977894 0 389 1 4 0 0 19.8413 5.35794 5.9151 48.6715
422 0.978447 0 391 1 2 0 0 19.863 5.36681 5.92244 48.8416
423 0.978724 0 391 1 2 0 0 19.9275 5.39129 5.18043 49.036
424 0.979001 0 391 1 2 0 0 19.9999 5.4178 3.59553 49.2153
425 0.979277 0 391 1 2 0 0 20.0715 5.44749 2.26562 49.4036
426 0.979554 0 391 1 2 0 0 20.1231 5.49088 1.02711 49.6191
427 0.97983 0 390 2 2 0 0 20.1534 5.55315 5.43706 49.8693
428 0.980107 0 390 2 2 0 0 20.1842 5.66065 2.66964 50.0975
429 0.980383 0 390 2 2 0 0 20.2554 5.73431 3.85926 50.2675
430 0.98066 0 392 1 2 0 0 20.4904 5.89119 4.43698 50.4463
431 0.980936 0 392 1 2 0 0 20.499 5.62171 4.5296 50.6153
432 0.981213 0 392 1 2 0 0 20.4125 5.51003 4.61179 50.6844
433 0.98149 0 392 1 2 0 0 20.4507 5.48247 4.73956 50.7461
434 0.981766 0 392 1 2 0 0 20.5222 5.478 4.77434 50.8741
435 0.979554 0.00248898 391 1 2 1 0 20.5917 5.48667 4.76763 51.011
436 0.97983 0.00248898 391 0 4 1 0 20.8013 5.55164 4.74922 51.1811
437 0.977894 0.00497797 390 0 4 2 0 20.9206 5.55559 4.57744 51.3521
438 0.978447 0.00497797 390 0 4 2 0 21.0489 5.59359 1.95455 51.4875
439 0.979001 0.00497797 392 0 2 2 0 21.2854 5.81825 0.709303 51.5882
440 0.979277 0.00497797 391 1 2 2 0 21.3288 5.79058 4.72341 51.6632
441 0.979554 0.00497797 391 1 2 2 0 21.2717 5.77967 4.74494 51.6831
442 0.97983 0.00497797 391 1 2 2 0 21.277 5.80532 4.77978 51.612
443 0.980107 0.00497797 391 1 2 2 0 21.3333 5.81129 4.75029 51.5031
444 0.980383 0.00497797 391 1 2 2 0 21.402 5.80198 4.68942 51.4362
445 0.98066 0.00248898 393 1 0 1 0 21.4495 5.83263 4.65804 51.4201
446 0.98066 0.00248898 393 1 0 1 0 21.4515 5.81661 4.64877 51.407
447 0.98066 0 393 1 0 0 0 21.3879 5.80621 4.65181 51.1196
448 0.98066 0 393 1 0 0 0 21.3965 5.79263 4.66194 51.0239
449 0.98066 0 393 0 2 0 0 21.5551 5.84712 4.67768 51.014
450 0.980936 0 393 0 2 0 0 21.5589 5.78103 3.80214 51.0908
451 0.981213 0 393 0 2 0 0 21.5586 5.76852 3.08757 51.1859
452 0.98149 0 393 0 2 0 0 21.5888 5.75688 4.23594 51.2507
453 0.981766 0 393 0 2 0 0 21.6281 5.75389 4.68792 51.2952
454 0.982043 0 393 0 2 0 0 21.6661 5.7564 4.68713 51.3449
455 0.982319 0 393 0 2 0 0 21.7182 5.74622 4.68821 51.401
456 0.982596 0 393 0 2 0 0 21.7727 5.74397 4.68891 51.4617
457 0.982872 0 393 0 2 0 0 21.8326 5.74337 4.69363 51.5299
458 0.983149 0 395 0 0 0 0 21.9167 5.7663 4.51235 51.6046
459 0.983149 0 395 0 0 0 0 21.9287 5.73931 4.35317 51.6797
460 0.983149 0 395 0 0 0 0 21.9419 5.71317 4.70667 51.7455
461 0.983149 0 395 0 0 0 0 21.9552 5.68453 4.70316 51.7785
462 0.983149 0 395 0 0 0 0 21.9665 5.65378 4.69743 51.729
463 0.983149 0 395 0 0 0 0 21.9733 5.62692 4.69085 51.4755
464 0.983149 0 395 0 0 0 0 21.9754 5.61109 4.68431 51.2883
465 0.983149 0 395 0 0 0 0 21.9781 5.61501 4.6781 52.5932
466 0.983149 0 395 0 0 0 0 21.9789 5.58573 4.67041 51.0148
467 0.98066 0.00248898 394 0 0 1 0 21.9823 5.58476 4.65985 50.919
468 0.98066 0.00248898 394 0 0 1 0 21.9835 5.59423 4.64911 52.2787
469 0.98066 0.00248898 394 0 0 1 0 21.9834 5.59138 4.63899 52.213
470 0.98066 0.00248898 394 0 0 1 0 21.9832 5.58945 4.6308 52.1617
471 0.98066 0.00248898 394 0 0 1 0 21.9832 5.58791 4.62374 52.117
472 0.98066 0.00248898 394 0 0 1 0 21.9831 5.58689 4.61899 52.0861
473 0.98066 0.00248898 394 0 0 1 0 21.9831 5.58586 4.61422 52.0545
474 0.98066 0.00248898 394 0 0 1 0 21.9831 5.58533 4.6116 52.0386
475 0.98066 0.00248898 394 0 0 1 0 21.9826 5.57988 4.60706 51.5792
476 0.98066 0.00248898 394 0 0 1 0 21.9826 5.57943 4.6056 51.5602
477 0.98066 0 394 0 0 0 0 21.916 5.56825 4.59184 51.5631
478 0.98066 0 394 0 0 0 0 21.9234 5.56362 4.58696 51.5673
479 0.98066 0 394 0 0 0 0 21.9283 5.57832 4.58435 53.071
480 0.98066 0 394 0 0 0 0 21.9275 5.56186 4.58079 51.6063
481 0.98066 0 394 0 0 0 0 21.9282 5.56165 4.5775 51.6286
482 0.98066 0 394 0 0 0 0 21.9286 5.56156 4.57492 51.651
483 0.98066 0 394 0 0 0 0 21.9289 5.56152 4.57304 51.6724
484 0.98066 0 394 0 0 0 0 21.9292 5.5615 4.57171 51.6925
485 0.98066 0 394 0 0 0 0 21.9295 5.56151 4.57081 51.7107
486 0.978171 0.00248898 393 0 0 1 0 21.9356 5.56738 4.57019 51.7269
487 0.978171 0.00248898 393 0 0 1 0 21.9357 5.5674 4.56978 51.741
488 0.978171 0.00248898 393 0 0 1 0 21.9383 5.58423 4.5696 53.254
489 0.975682 0.00497797 392 0 0 2 0 21.9512 5.56645 4.56929 51.7649
490 0.975682 0.00497797 392 0 0 2 0 21.9513 5.56648 4.56916 51.7746
491 0.975682 0.00497797 392 0 0 2 0 21.9514 5.5665 4.56907 51.7826
492 0.975682 0.00497797 392 0 0 2 0 21.9515 5.56654 4.569 51.7901
493 0.975682 0.00497797 392 0 0 2 0 21.9522 5.56801 4.56846 51.7878
494 0.973193 0.00746695 391 0 0 3 0 21.946 5.56553 4.5689 51.049
495 0.973193 0.00746695 391 0 0 3 0 21.9461 5.56552 4.56889 51.0531
496 0.973193 0.00497797 391 0 0 2 0 21.7199 5.62113 4.56263 51.8992
497 0.973193 0.00497797 391 0 0 2 0 21.6035 5.53618 4.53306 51.8887
498 0.973193 0.00497797 391 0 0 2 0 21.5079 5.43485 4.49851 51.8608
499 0.973193 0.00248898 391 0 0 1 0 21.3757 5.41477 4.45092 51.8156
500 0.973193 0.00248898 391 0 0 1 0 21.3569 5.38811 4.39923 51.7529
501 0.973193 0.00248898 391 0 0 1 0 21.3482 5.37316 4.36547 51.7771
502 0.973193 0.00248898 391 0 0 1 0 21.3461 5.37191 4.33948 52.1879
503 0.973193 0.00248898 391 0 0 1 0 21.3458 5.37051 4.31881 52.435
504 0.973193 0 391 0 0 0 0 21.2555 5.36618 4.29985 51.9794
505 0.973193 0 391 0 0 0 0 21.2608 5.35808 4.31387 50.9989
506 0.973193 0 391 0 0 0 0 21.2631 5.36134 4.32148 51.2449
507 0.973193 0 391 0 0 0 0 21.2676 5.37486 4.33349 52.3548
508 0.973193 0 391 0 0 0 0 21.266 5.35919 4.3346 51.0249
509 0.973193 0 391 0 0 0 0 21.2662 5.35975 4.33479 51.0828
510 0.973193 0 391 0 0 0 0 21.2658 5.34848 4.33345 50.046
511 0.973193 0 391 0 0 0 0 21.2658 5.34832 4.33182 50.0857
512 0.973193 0 391 0 0 0 0 21.2676 5.36338 4.33031 51.5526
513 0.973193 0 391 0 0 0 0 21.2677 5.36339 4.32877 51.5753
514 0.973193 0 391 0 0 0 0 21.2679 5.36339 4.32741 51.5922
515 0.970704 0.00248898 390 0 0 1 0 21.2728 5.35316 4.32607 50.1686
516 0.970704 0.00248898 390 0 0 1 0 21.2747 5.36865 4.32514 51.6141
517 0.970704 0.00248898 389 1 0 1 0 21.2748 5.36863 4.32428 51.6205
518 0.970704 0.00248898 389 1 0 1 0 21.2749 5.36861 4.32356 51.625
519 0.970704 0.00248898 389 1 0 1 0 21.275 5.36858 4.32296 51.628
520 0.970704 0.00248898 389 1 0 1 0 21.275 5.36855 4.32247 51.6299
521 0.970704 0.00248898 389 1 0 1 0 21.2751 5.36852 4.32207 51.631
522 0.970704 0.00248898 389 1 0 1 0 21.2751 5.36849 4.32175 51.6314
523 0.970704 0.00248898 389 1 0 1 0 21.2752 5.36846 4.32149 51.6314
524 0.970704 0.00248898 389 1 0 1 0 21.2752 5.36843 4.32129 51.6311
525 0.970704 0 389 1 0 0 0 21.2045 5.32108 4.34936 49.853
526 0.970704 0 389 0 2 0 0 21.3651 5.20549 4.3439 50.9764
527 0.970981 0 389 0 2 0 0 21.4075 5.17476 5.37433 51.5249
528 0.971257 0 389 0 2 0 0 21.4227 5.15357 5.54104 50.2833
529 0.971534 0 389 0 2 0 0 21.4416 5.15902 4.83235 50.6455
530 0.969321 0.00248898 388 0 2 1 0 21.4902 5.16957 5.24395 51.803
531 0.969598 0.00248898 388 0 2 1 0 21.535 5.14808 6.32793 50.2735
532 0.969874 0.00248898 388 0 2 1 0 21.5841 5.15853 7.65824 51.653
533 0.970151 0.00248898 388 0 2 1 0 21.6223 5.12833 7.64839 50.5233
534 0.970427 0.00248898 388 0 2 1 0 21.6452 5.09598 7.62846 51.3669
535 0.970704 0.00248898 390 0 0 1 0 21.6959 5.06829 7.63303 51.3158
536 0.970704 0.00248898 390 0 0 1 0 21.6815 5.06546 7.65605 51.0648
537 0.970704 0.00248898 390 0 0 1 0 21.6761 5.06764 7.66342 51.1248
538 0.970704 0.00248898 390 0 0 1 0 21.6741 5.06926 7.66337 51.2301
539 0.970704 0.00248898 390 0 0 1 0 21.6732 5.07022 7.66117 51.3006
540 0.970704 0 390 0 0 0 0 21.5745 5.06739 7.65062 50.7872
541 0.970704 0 390 0 0 0 0 21.5884 5.07334 7.65041 50.777
542 0.970704 0 390 0 0 0 0 21.5933 5.07977 7.65511 50.7015
543 0.970704 0 390 0 0 0 0 21.5942 5.0845 7.66035 50.5913
544 0.970704 0 390 0 0 0 0 21.5936 5.08649 7.66744 50.3402
545 0.970704 0 390 0 0 0 0 21.5933 5.09082 7.67318 50.4695
546 0.970704 0 390 0 0 0 0 21.593 5.09415 7.67862 50.5696
547 0.970704 0 390 0 0 0 0 21.5928 5.09573 7.68154 50.6178
548 0.970704 0 390 0 0 0 0 21.5931 5.10476 7.69214 51.1296
549 0.970704 0 390 0 0 0 0 21.5926 5.1042 7.69156 51.111
550 0.968215 0.00248898 389 0 0 1 0 21.6225 5.05838 7.69481 49.704
551 0.968215 0.00248898 389 0 0 1 0 21.6239 5.07457 7.6958 51.1639
552 0.968215 0.00248898 389 0 0 1 0 21.6238 5.07506 7.69721 51.1812
553 0.968215 0.00248898 389 0 0 1 0 21.6237 5.07543 7.69827 51.1942
554 0.968215 0.00248898 389 0 0 1 0 21.6222 5.05994 7.6999 49.7606
555 0.968215 0.00248898 389 0 0 1 0 21.6237 5.07591 7.69963 51.212
556 0.968215 0.00248898 389 0 0 1 0 21.6221 5.06025 7.70088 49.7727
557 0.968215 0.00248898 389 0 0 1 0 21.6236 5.07618 7.70032 51.2222
558 0.965726 0.00497797 388 0 0 2 0 21.5881 5.02229 7.70135 49.7796
559 0.965726 0.00497797 388 0 0 2 0 21.5896 5.03837 7.70062 51.2281
560 0.965726 0.00248898 388 0 0 1 0 21.4574 5.08365 7.52466 50.5757
561 0.965726 0.00248898 388 0 0 1 0 21.2882 5.14074 4.564 50.4084
562 0.965726 0.00248898 388 0 0 1 0 21.1628 5.09451 7.02652 50.1513
563 0.965726 0.00248898 388 0 0 1 0 21.0974 5.08954 6.92831 49.9355
564 0.965726 0.00248898 388 0 0 1 0 21.0762 5.08283 7.0816 50.6915
565 0.965726 0.00248898 388 0 0 1 0 21.0644 5.06264 7.19725 49.4479
566 0.965726 0.00248898 388 0 0 1 0 21.0585 5.05939 7.30688 49.5576
567 0.965726 0.00248898 388 0 0 1 0 21.0549 5.05709 7.39964 49.6153
568 0.965726 0 388 0 0 0 0 20.7966 5.11015 7.47942 49.7453
569 0.965726 0 388 0 0 0 0 20.7499 5.11128 7.52657 49.7817
570 0.963237 0.00248898 386 1 0 1 0 20.689 5.12481 6.80794 49.7861
571 0.963237 0.00248898 386 1 0 1 0 20.6574 5.12257 7.55481 49.7643
572 0.963237 0.00248898 386 1 0 1 0 20.6531 5.12694 6.45745 49.7244
573 0.963237 0.00248898 386 1 0 1 0 20.6554 5.12285 6.11377 49.6769
574 0.963237 0.00248898 385 2 0 1 0 20.6579 5.1189 6.01415 49.6277
575 0.963237 0.00248898 385 2 0 1 0 20.6607 5.11559 6.02863 49.579
576 0.963237 0.00248898 385 2 0 1 0 20.6636 5.11151 6.13737 49.5298
577 0.960748 0.00497797 384 2 0 2 0 20.6703 5.1216 6.46789 49.4755
578 0.960748 0.00497797 384 2 0 2 0 20.6716 5.10647 6.64838 49.4369
579 0.960748 0.00497797 384 1 2 2 0 20.6513 5.10838 6.81734 49.4023
580 0.961025 0.00248898 384 1 2 1 0 20.5447 5.08633 7.28747 49.3691
581 0.961301 0.00248898 384 1 2 1 0 20.4747 5.09506 6.74594 49.3172
582 0.961578 0.00248898 384 1 2 1 0 20.4507 5.07053 5.25181 49.2606
583 0.961854 0.00248898 384 0 4 1 0 20.4175 5.04197 5.58712 49.203
584 0.962407 0.00248898 384 0 4 1 0 20.4171 5.018 6.63006 49.1376
585 0.96296 0.00248898 384 0 4 1 0 20.4342 5.00081 7.24394 49.0669
586 0.963514 0.00248898 384 0 4 1 0 20.4872 5.00987 7.19921 49.0001
587 0.964067 0 384 0 4 0 0 20.4079 5.02158 7.12275 48.9391
588 0.96462 0 386 0 2 0 0 20.3706 5.009 6.89845 48.8568
589 0.964896 0 386 0 2 0 0 20.3987 4.98604 6.76448 48.7121
590 0.965173 0 386 0 2 0 0 20.4232 4.96862 6.77885 48.5784
591 0.965449 0 386 0 2 0 0 20.4325 4.97503 6.86679 48.4965
592 0.965726 0 388 0 0 0 0 20.5167 5.12789 7.006 48.4462
593 0.965726 0 388 0 0 0 0 20.4712 5.17805 7.16849 48.4238
594 0.965726 0 388 0 0 0 0 20.4251 5.23904 7.32257 48.4182
595 0.965726 0 388 0 0 0 0 20.3925 5.28108 7.33985 48.4069
596 0.963237 0.00248898 387 0 0 1 0 20.357 5.32862 7.33316 48.3819
597 0.963237 0.00248898 386 1 0 1 0 20.3042 5.36375 7.31984 48.3423
598 0.963237 0.00248898 386 1 0 1 0 20.1442 5.39603 5.1921 48.2879
599 0.963237 0.00248898 386 1 0 1 0 19.8504 5.5072 2.18935 48.1151
600 0.963237 0.00248898 386 1 0 1 0 19.5698 5.52654 1.4718 47.702
601 0.963237 0.00248898 386 1 0 1 0 19.3701 5.43538 2.23067 47.0834
602 0.963237 0.00248898 386 1 0 1 0 19.3415 5.32803 3.45164 46.445
603 0.963237 0.00248898 386 1 0 1 0 19.3385 5.27441 4.05125 46.036
604 0.963237 0.00248898 386 1 0 1 0 19.3463 5.2269 4.31167 45.8076
605 0.963237 0.00248898 386 1 0 1 0 19.3608 5.18278 4.79075 45.6974
606 0.960748 0.00248898 385 0 2 1 0 19.2155 5.201 4.14851 45.695
607 0.958536 0.00497797 384 0 2 2 0 19.1907 5.1623 4.45843 45.6704
608 0.958812 0.00497797 384 0 2 2 0 19.1691 5.15489 4.99307 45.6419
609 0.959089 0.00497797 384 0 2 2 0 19.1392 5.16738 5.96644 45.6226
610 0.959365 0.00497797 384 0 2 2 0 19.1384 5.15147 6.44604 45.5798
611 0.959642 0.00497797 384 0 2 2 0 19.1468 5.14486 6.02121 45.513
612 0.959918 0.00497797 384 0 2 2 0 19.1406 5.14738 4.5737 45.4267
613 0.960195 0.00497797 384 0 2 2 0 19.1612 5.11649 5.45832 45.3632
614 0.957983 0.00746695 383 0 2 3 0 19.1905 5.11422 6.42544 45.3828
615 0.958259 0.00746695 385 0 0 3 0 19.2098 5.1136 6.42496 45.4549
616 0.958259 0.00497797 385 0 0 2 0 19.0155 5.17106 6.27793 45.561
617 0.958259 0.00248898 385 0 0 1 0 18.8561 5.20959 6.05773 45.5414
618 0.958259 0.00248898 385 0 0 1 0 18.8095 5.23433 5.93978 45.4749
619 0.958259 0.00248898 385 0 0 1 0 18.8054 5.25279 5.9497 45.4473
620 0.958259 0.00248898 385 0 0 1 0 18.7909 5.28184 5.98708 45.4554
621 0.958259 0.00248898 385 0 0 1 0 18.7653 5.31476 6.03593 45.5064
622 0.958259 0.00248898 385 0 0 1 0 18.7249 5.35544 6.09973 45.5773
623 0.958259 0.00248898 385 0 0 1 0 18.6714 5.38394 5.89245 45.6586
624 0.958259 0 385 0 0 0 0 18.5385 5.33592 5.26547 45.7487
625 0.958259 0 385 0 0 0 0 18.4041 5.29215 6.35612 45.8118
626 0.958259 0 385 0 0 0 0 18.2882 5.27891 5.83184 45.8168
627 0.958259 0 385 0 0 0 0 18.1778 5.29819 4.65569 45.8123
628 0.958259 0 385 0 0 0 0 18.0972 5.28432 5.37506 45.7198
629 0.958259 0 385 0 0 0 0 18.0754 5.26938 5.59116 45.5327
630 0.958259 0 385 0 0 0 0 18.0775 5.24813 5.71564 45.3941
631 0.958259 0 385 0 0 0 0 18.0759 5.23348 5.83233 45.3071
632 0.958259 0 385 0 0 0 0 18.072 5.22933 5.88158 45.2552
633 0.958259 0 385 0 0 0 0 18.0671 5.22731 5.81868 45.247
634 0.958259 0 385 0 0 0 0 18.0609 5.23454 5.7414 45.2126
635 0.958259 0 385 0 0 0 0 18.0546 5.24065 5.64117 45.2624
636 0.958259 0 385 0 0 0 0 18.048 5.25127 5.5456 45.2326
637 0.95577 0.00248898 384 0 0 1 0 18.0559 5.26164 5.42031 45.234
638 0.95577 0.00248898 384 0 0 1 0 18.0541 5.2661 5.32045 45.2615
639 0.95577 0.00248898 384 0 0 1 0 18.053 5.26866 5.25741 45.2603
640 0.95577 0.00248898 384 0 0 1 0 18.0526 5.27073 5.21112 45.2529
641 0.95577 0.00248898 384 0 0 1 0 18.052 5.27237 5.15376 45.2785
642 0.95577 0.00248898 384 0 0 1 0 18.052 5.27311 5.14021 45.2507
643 0.95577 0.00248898 384 0 0 1 0 18.0518 5.27521 5.08193 45.2648
644 0.95577 0.00248898 384 0 0 1 0 18.0512 5.27619 5.02696 45.2729
645 0.95577 0.00248898 384 0 0 1 0 18.0515 5.27754 5.00198 45.2778
646 0.95577 0.00248898 384 0 0 1 0 18.0504 5.27719 4.9568 45.2877
647 0.95577 0 384 0 0 0 0 17.9315 5.324 3.85441 45.2593
648 0.95577 0 384 0 0 0 0 17.7996 5.27088 3.9073 45.1925
649 0.95577 0 384 0 0 0 0 17.7127 5.23985 4.80612 45.0747
650 0.95577 0 384 0 0 0 0 17.6169 5.20951 5.96987 44.9423
651 0.95577 0 383 1 0 0 0 17.5702 5.18163 6.06339 44.7966
652 0.95577 0 383 1 0 0 0 17.5136 5.12966 4.01502 44.6416
653 0.95577 0 383 1 0 0 0 17.4961 5.06394 4.29544 44.4983
654 0.95577 0 383 1 0 0 0 17.4944 5.03264 5.23051 44.3663
655 0.95577 0 383 1 0 0 0 17.4889 5.02278 5.567 43.9631
656 0.95577 0 383 1 0 0 0 17.487 5.02481 5.76721 44.776
657 0.95577 0 383 1 0 0 0 17.4858 5.0171 5.90572 44.6127
658 0.95577 0 383 1 0 0 0 17.4853 5.01032 6.01016 44.4669
659 0.95577 0 383 1 0 0 0 17.485 5.00485 6.01113 44.3421
660 0.95577 0 383 0 2 0 0 17.6235 5.1954 5.9938 44.093
661 0.956047 0 383 0 2 0 0 17.702 5.16882 5.99282 44.1171
662 0.956323 0 383 0 2 0 0 17.7469 5.14782 6.01356 44.1595
663 0.9566 0 383 0 2 0 0 17.7314 5.09767 6.0428 44.2077
664 0.956876 0 382 1 2 0 0 17.7328 5.09112 6.07104 44.2589
665 0.957153 0 382 1 2 0 0 17.7515 5.10392 6.04772 44.3022
666 0.957429 0 382 1 2 0 0 17.7755 5.11528 5.98817 44.3433
667 0.957706 0 382 1 2 0 0 17.8066 5.1246 5.94842 44.3874
668 0.957983 0 382 1 2 0 0 17.8446 5.13445 5.93024 44.437
669 0.958259 0 384 1 0 0 0 17.9086 5.14147 5.93502 44.4907
670 0.95577 0.00248898 383 1 0 1 0 17.8988 5.13718 5.94973 44.5478
671 0.95577 0.00248898 383 1 0 1 0 17.8979 5.13392 5.96182 44.6048
672 0.95577 0.00248898 383 1 0 1 0 17.8965 5.13036 5.97014 44.5818
673 0.95577 0.00248898 383 0 2 1 0 17.9766 5.13414 5.96809 44.9867
674 0.956047 0.00248898 383 0 2 1 0 17.9889 5.14483 3.45259 44.8642
675 0.956323 0.00248898 383 0 2 1 0 18.0519 5.11472 4.21988 44.8937
676 0.9566 0.00248898 383 0 2 1 0 18.13 5.09575 4.82713 45.0033
677 0.956876 0.00248898 383 0 2 1 0 18.2114 5.08346 5.39009 45.1267
678 0.957153 0.00248898 383 0 2 1 0 18.3022 5.07031 5.95401 45.2657
679 0.957429 0.00248898 383 0 2 1 0 18.4014 5.06354 5.95783 45.4153
680 0.957706 0 382 1 2 0 0 18.3322 5.08711 5.96392 45.5249
681 0.957983 0 382 1 2 0 0 18.4018 5.10963 5.96937 45.6181
682 0.958259 0 384 1 0 0 0 18.5517 5.28297 4.75677 45.7313
683 0.958259 0 384 1 0 0 0 18.5432 5.27757 4.22487 45.8072
684 0.958259 0 384 1 0 0 0 18.5347 5.26791 3.80072 45.8282
685 0.958259 0 384 1 0 0 0 18.5307 5.26623 3.64586 45.8261
686 0.958259 0 384 1 0 0 0 18.5306 5.26262 3.68347 45.8163
687 0.958259 0 384 1 0 0 0 18.5301 5.2557 3.67306 45.8023
688 0.958259 0 383 2 0 0 0 18.5295 5.25432 3.65388 45.7965
689 0.958259 0 383 1 2 0 0 18.691 5.29749 4.38596 45.9551
690 0.958536 0 383 1 2 0 0 18.7742 5.33197 3.41846 46.2608
691 0.958812 0 383 1 2 0 0 18.8627 5.37335 1.05601 46.478
692 0.959089 0 383 1 2 0 0 18.9357 5.3562 0.955163 46.6758
693 0.959365 0 383 1 2 0 0 18.9727 5.33592 1.31199 46.769
694 0.959642 0 382 2 2 0 0 18.9759 5.37374 3.89382 46.5961
695 0.959918 0 382 2 2 0 0 19.0349 5.38605 3.69801 46.3481
696 0.960195 0 381 3 2 0 0 19.1027 5.40188 4.54047 46.8651
697 0.960471 0 381 2 4 0 0 19.2175 5.39829 4.57558 45.9818
698 0.961025 0 382 3 2 0 0 19.2044 5.40662 4.6544 45.8055
699 0.961301 0 382 3 2 0 0 19.1715 5.38852 4.7446 45.6609
700 0.961578 0 382 3 2 0 0 19.178 5.37743 4.82353 46.3302
701 0.961854 0 382 3 2 0 0 19.1914 5.3535 4.8947 46.1279
702 0.962131 0 382 3 2 0 0 19.2013 5.32898 4.96267 45.2868
703 0.962407 0 382 2 4 0 0 19.395 5.39934 2.17786 46.5232
704 0.96296 0 382 2 4 0 0 19.4671 5.41697 4.81069 46.5149
705 0.963514 0 382 1 6 0 0 19.5873 5.46448 4.72772 46.8009
706 0.964343 0 384 1 4 0 0 19.6163 5.41934 1.0927 47.3331
707 0.964896 0 384 0 6 0 0 19.7661 5.45057 1.72028 47.7497
708 0.965726 0 384 0 6 0 0 19.8997 5.45676 1.38493 48.0781
709 0.966556 0 384 0 6 0 0 20.0807 5.46291 1.3919 48.466
710 0.967385 0 384 0 6 0 0 20.2434 5.44783 2.01635 48.9721
711 0.968215 0 384 0 6 0 0 20.2374 5.46764 1.80614 49.4058
712 0.969045 0 386 0 4 0 0 20.2306 5.54993 2.29189 49.5196
713 0.969598 0 386 0 4 0 0 20.2645 5.52581 4.55358 49.5866
714 0.970151 0 388 0 2 0 0 20.3347 5.47999 5.98477 49.6608
715 0.970427 0 388 0 2 0 0 20.3309 5.41742 6.38525 49.7075
716 0.970704 0 390 0 0 0 0 20.2454 5.28615 6.31005 49.7064
717 0.970704 0 390 0 0 0 0 20.1521 5.22729 6.26729 49.6729
718 0.970704 0 390 0 0 0 0 20.1413 5.23681 6.32478 49.6084
719 0.970704 0 390 0 0 0 0 20.1381 5.23816 6.46345 49.5181
720 0.970704 0 390 0 0 0 0 20.1386 5.23534 6.5716 49.454
721 0.970704 0 390 0 0 0 0 20.1405 5.22416 6.62402 48.6028
722 0.970704 0 390 0 0 0 0 20.1444 5.24001 6.6554 49.9937
723 0.970704 0 390 0 0 0 0 20.1467 5.23896 6.68148 50.0399
724 0.970704 0 390 0 0 0 0 20.1468 5.2224 6.70261 48.6492
725 0.970704 0 390 0 0 0 0 20.1484 5.22203 6.72038 48.6844
726 0.970704 0 390 0 0 0 0 20.1497 5.22173 6.73514 48.7154
727 0.970704 0 390 0 0 0 0 20.1528 5.23755 6.74793 50.1818
728 0.970704 0 390 0 0 0 0 20.1518 5.2214 6.75836 48.768
729 0.970704 0 390 0 0 0 0 20.1525 5.22134 6.7674 48.7903
730 0.968215 0.00248898 389 0 0 1 0 20.1717 5.21513 6.77487 48.8096
731 0.968215 0.00248898 389 0 0 1 0 20.1722 5.21519 6.78099 48.8264
732 0.968215 0.00248898 389 0 0 1 0 20.1726 5.21528 6.78598 48.8409
733 0.968215 0.00248898 389 0 0 1 0 20.1729 5.21539 6.79034 48.8543
734 0.968215 0.00248898 389 0 0 1 0 20.1732 5.2155 6.79383 48.8657
735 0.968215 0.00248898 389 0 0 1 0 20.1734 5.21563 6.79684 48.8762
736 0.965726 0.00497797 388 0 0 2 0 20.1495 5.20085 6.79922 48.885
737 0.965726 0.00497797 388 0 0 2 0 20.1496 5.20099 6.80124 48.8931
738 0.965726 0.00497797 388 0 0 2 0 20.1497 5.20112 6.80281 48.8998
739 0.965726 0.00497797 388 0 0 2 0 20.1498 5.20125 6.80414 48.906
740 0.965726 0.00248898 388 0 0 1 0 20.0307 5.26483 6.68603 49.1033
741 0.965726 0.00248898 388 0 0 1 0 19.913 5.30837 5.48375 49.1001
742 0.965726 0.00248898 388 0 0 1 0 19.836 5.24826 4.29203 49.0902
743 0.965726 0.00248898 388 0 0 1 0 19.7994 5.18592 6.76502 49.0685
744 0.965726 0.00248898 388 0 0 1 0 19.7689 5.16134 6.74217 48.3626
745 0.965726 0.00248898 388 0 0 1 0 19.7393 5.18386 6.71947 49.8594
746 0.965726 0 388 0 0 0 0 19.4851 5.01901 5.1222 48.9045
747 0.965726 0 388 0 0 0 0 19.4025 5.03082 4.13181 48.7771
748 0.965726 0 388 0 0 0 0 19.3363 5.05563 4.2735 49.2794
749 0.965726 0 388 0 0 0 0 19.2708 5.08254 4.27655 48.0449
750 0.965726 0 388 0 0 0 0 19.2068 5.16262 4.03366 49.2828
751 0.965726 0 388 0 0 0 0 19.1475 5.20443 4.31624 47.765
752 0.965726 0 388 0 0 0 0 19.0996 5.26616 4.68006 48.9165
753 0.965726 0 388 0 0 0 0 19.0502 5.25543 4.18311 47.8792
754 0.965726 0 388 0 0 0 0 19.0408 5.23647 3.43402 47.7574
755 0.965726 0 388 0 0 0 0 19.0399 5.23273 2.98064 47.639
756 0.965726 0 388 0 0 0 0 19.0409 5.23073 2.57142 47.4531
757 0.965726 0 388 0 0 0 0 19.042 5.22969 2.63234 47.2396
758 0.963237 0.00248898 387 0 0 1 0 19.0419 5.23873 2.80562 47.3212
759 0.960748 0.00497797 386 0 0 2 0 19.042 5.26051 2.79384 48.5046
760 0.960748 0.00497797 386 0 0 2 0 19.0413 5.24586 2.7724 47.1159
761 0.960748 0.00497797 386 0 0 2 0 19.042 5.24736 2.75704 47.1708
762 0.960748 0.00497797 386 0 0 2 0 19.0423 5.24794 2.75233 47.1899
763 0.960748 0.00497797 386 0 0 2 0 19.0439 5.25873 2.73865 48.0141
764 0.960748 0.00497797 385 1 0 2 0 19.044 5.25986 2.73724 48.0452
765 0.960748 0.00497797 385 1 0 2 0 19.0425 5.24556 2.73716 46.6319
766 0.960748 0.00497797 385 1 0 2 0 19.0424 5.24638 2.73789 46.6506
767 0.960748 0.00497797 385 1 0 2 0 19.0424 5.2471 2.73904 46.6661
768 0.960748 0.00248898 385 1 0 1 0 18.9834 5.25149 2.729 47.5425
769 0.958259 0.00248898 384 1 0 1 0 18.8894 5.22677 2.70695 46.2561
770 0.958259 0.00248898 384 1 0 1 0 18.8798 5.21804 2.69671 46.1797
771 0.958259 0.00248898 384 1 0 1 0 18.8588 5.21886 2.69223 45.8283
772 0.958259 0.00248898 384 1 0 1 0 18.8283 5.23933 2.68927 45.6209
773 0.95577 0.00497797 383 0 2 2 0 19.0057 5.44621 1.7795 45.9572
774 0.956047 0.00497797 383 0 2 2 0 19.0681 5.36267 3.83853 45.8563
775 0.956323 0.00497797 383 0 2 2 0 19.0905 5.30904 4.49203 45.7823
776 0.9566 0.00497797 383 0 2 2 0 19.0983 5.34086 4.8037 45.7247
777 0.956876 0.00497797 383 0 2 2 0 19.1168 5.39471 3.30901 45.6753
778 0.957153 0.00497797 383 0 2 2 0 19.1452 5.44819 2.57425 45.6249
779 0.957429 0.00248898 383 0 2 1 0 19.0612 5.50898 3.90415 45.6583
780 0.957706 0.00248898 383 0 2 1 0 19.0825 5.51511 5.17019 45.74
781 0.957983 0.00248898 382 1 2 1 0 19.1177 5.40042 5.76743 45.6569
782 0.958259 0.00248898 384 1 0 1 0 19.2234 5.3791 6.13714 45.4302
783 0.958259 0 384 1 0 0 0 19.0749 5.38306 6.32263 45.1155
784 0.958259 0 384 1 0 0 0 19.0359 5.35673 6.00976 44.7181
785 0.958259 0 384 1 0 0 0 18.9107 5.30803 5.77235 44.4063
786 0.958259 0 383 2 0 0 0 18.7478 5.19182 5.90708 44.1583
787 0.958259 0 383 2 0 0 0 18.6772 5.14986 5.8758 43.9599
788 0.958259 0 383 2 0 0 0 18.5443 5.15509 5.82811 43.7749
789 0.958259 0 383 2 0 0 0 18.4893 5.12424 5.40802 43.5967
790 0.958259 0 382 2 2 0 0 18.5638 5.06482 5.78807 43.418
791 0.956047 0.00248898 381 2 2 1 0 18.5939 5.05323 5.79072 43.2437
792 0.956323 0.00248898 381 2 2 1 0 18.5996 5.04319 5.76893 43.0939
793 0.9566 0.00248898 381 2 2 1 0 18.5958 5.05513 4.50809 42.9697
794 0.956876 0.00248898 381 2 2 1 0 18.6369 5.04925 4.61874 42.8543
795 0.957153 0.00248898 381 1 4 1 0 18.7495 5.03952 5.47931 42.7563
796 0.957706 0.00248898 381 1 4 1 0 18.8563 5.05628 5.77196 42.6776
797 0.95577 0.00497797 380 1 4 2 0 18.9675 5.0843 5.81245 42.6244
798 0.956323 0.00497797 380 1 4 2 0 19.0816 5.10311 5.85167 42.5986
799 0.956876 0.00497797 382 0 4 2 0 19.414 5.13614 5.471 42.6013
800 0.95494 0.00746695 381 0 4 3 0 19.5765 5.12646 3.72299 42.6396
