0 0.0174229 0 6 1 0 0 0 0.00103892 0.00119965 0 0.00242468
1 0.0174229 0 5 2 0 0 0 0.000128899 0.00014884 0 0.000300947
2 0.0174229 0 5 2 0 0 0 0.000122054 0.000140936 0 0.000284962
3 0.0174229 0 5 2 0 0 0 0.000115746 0.000133652 0 0.000270228
4 0.0174229 0 2 5 0 0 0 0.000109917 0.000126922 0 0.000256431
5 0.0174229 0 2 5 0 0 0 0.000104522 0.000120692 0 0.000243845
6 0.0174229 0 2 5 0 0 0 9.95176e-05 0.000114913 0 0.000232171
7 0.0174229 0 2 5 0 0 0 9.48667e-05 0.000109543 0 0.000221322
8 0.0174229 0 2 5 0 0 0 9.05369e-05 0.000104543 0 0.000211221
9 0.0174229 0 2 4 2 0 0 6.45141e-05 9.12367e-05 0 0.000193481
10 0.0176994 0 2 3 4 0 0 7.38985e-05 9.05068e-05 0 0.00018469
11 0.0182526 0 2 3 4 0 0 7.04118e-05 8.62365e-05 0 0.000175977
12 0.0188057 0 2 3 4 0 0 6.71248e-05 8.22108e-05 0 0.000167763
13 0.0193588 0 2 0 10 0 0 8.038e-05 8.038e-05 0 0.00016076
14 0.0207415 0 2 0 10 0 0 7.71265e-05 7.71265e-05 0 0.000154253
15 0.0221243 0 1 1 10 0 0 7.3668e-05 7.3668e-05 0 0
16 0.0235071 0 1 1 10 0 0 7.07274e-05 7.07274e-05 0 0
17 0.0248898 0 1 1 10 0 0 6.78831e-05 6.78831e-05 0 0
18 0.0262726 0 3 1 8 0 0 0.0745842 0.0951871 0 0.232859
19 0.0273788 0 5 1 6 0 0 0.0222161 0.0300205 0 0.0869518
20 0.0282085 0 5 1 6 0 0 0.0100303 0.0164526 0 0.0456459
21 0.0290382 0 4 2 6 0 0 0.00575284 0.00991215 0.000164783 0.0272233
22 0.0298678 0 9 3 0 0 0 0.0539897 0.0698455 2.48189e-05 0.201054
23 0.0298678 0 8 4 0 0 0 0.0205185 0.0261423 2.73447e-06 0.0760719
24 0.0298678 0 8 3 2 0 0 0.0120413 0.0139221 7.46365e-08 0.0400687
25 0.0301444 0 6 5 2 0 0 0.00564669 0.00630215 7.91665e-09 0.0180558
26 0.0304209 0 6 5 2 0 0 0.00352488 0.00385708 1.4259e-09 0.0109458
27 0.0306975 0 6 5 2 0 0 0.00230943 0.00249293 7.95809e-11 0.00699018
28 0.030974 0 5 6 2 0 0 0.00182593 0.00196006 8.1854e-12 0.00545318
29 0.0312506 0 4 7 2 0 0 0.00149485 0.00159863 1.0199e-12 0.00441559
30 0.0315271 0 3 7 4 0 0 0.00139711 0.00135709 1.52757e-13 0.00371923
31 0.0320802 0 3 6 6 0 0 0.00176674 0.00201529 2.6404e-14 0.00320119
32 0.0329099 0 1 7 8 0 0 0.0162276 0.0376652 0.00274184 0.00274184
33 0.0340161 0 2 8 6 0 0 0.0296827 0.0495985 0.0272924 0.138168
34 0.0348458 0 2 6 10 0 0 0.0355611 0.0368015 0.00778227 0.0495913
35 0.0362286 0 2 6 10 0 0 0.0326893 0.0382633 0.00366723 0.0262481
36 0.0376113 0 1 7 10 0 0 0.0325381 0.0404694 0.0166186 0.0166186
37 0.0389941 0 0 7 12 0 0 0.0365564 0.0448107 inf -100
38 0.0406534 0 0 6 14 0 0 0.0251603 0.0395796 inf -100
39 0.0425893 0 2 5 14 0 0 0.00972749 0.00964792 0.0157917 0.0157917
40 0.0445252 0 4 5 12 0 0 0.00958009 0.0118543 0.00176678 0.0350372
41 0.0461845 0 6 3 14 0 0 0.0687404 0.130264 0.000238125 0.421642
42 0.0481204 0 6 2 16 0 0 0.0881517 0.113958 4.02535e-05 0.344615
43 0.0503328 0 8 4 12 0 0 0.105415 0.114147 8.31763e-06 0.329457
44 0.0519921 0 6 6 12 0 0 0.079761 0.0962888 0.00419128 0.299426
45 0.0536514 0 5 6 14 0 0 0.0938491 0.0963419 0.0131003 0.305807
46 0.0555873 0 7 5 14 0 0 0.169121 0.239455 0.00918198 0.906507
47 0.0575232 0 9 5 12 0 0 0.169403 0.202896 0.0104005 0.738291
48 0.0591825 0 11 5 10 0 0 0.147231 0.175618 0.00902902 0.673521
49 0.0605653 0 11 5 10 0 0 0.0782758 0.0838681 0.00684742 0.291928
50 0.0619481 0 14 6 6 0 0 0.0831849 0.139849 0.00739529 0.64002
51 0.0627777 0 13 9 4 0 0 0.0749368 0.108149 0.000740919 0.410853
52 0.0633308 0 9 11 8 0 0 0.127201 0.36887 0.000161859 0.109828
53 0.064437 0 7 11 12 0 0 0.149438 0.272968 3.20517e-05 0.0888705
54 0.0660964 0 7 12 12 0 0 0.13791 0.204314 0.011718 0.247482
55 0.0677557 0 8 13 10 0 0 0.136682 0.192669 0.0184471 0.573924
56 0.0691385 0 8 13 10 0 0 0.0997925 0.150264 0.016174 0.258033
57 0.0705212 0 7 14 10 0 0 0.0837526 0.134092 0.0141326 0.150153
58 0.071904 0 5 16 10 0 0 0.0763713 0.126975 0.0124371 0.102359
59 0.0732868 0 4 16 12 0 0 0.0782006 0.142631 0.010992 0.0394274
60 0.0749461 0 4 13 18 0 0 0.134003 0.211639 0.00972868 0.0292023
61 0.0774351 0 8 9 22 0 0 0.125973 0.158254 0.00858406 0.294083
62 0.0804772 0 12 7 22 0 0 0.118185 0.152321 0.0057824 0.447636
63 0.0835193 0 13 6 24 0 0 0.0686586 0.0729309 0.00349235 0.212597
64 0.0868379 0 11 7 26 0 0 0.0567943 0.0629277 0.000871601 0.207339
65 0.0904331 0 10 8 26 0 0 0.0671156 0.0794961 0.000200979 0.239847
66 0.0940283 0 10 7 28 0 0 0.0699796 0.100225 6.01527e-05 0.37018
67 0.0979001 0 10 5 32 0 0 0.0520188 0.0755503 3.13006e-05 0.245476
68 0.102325 0 11 5 32 0 0 0.113717 0.164923 2.44988e-05 0.681336
69 0.10675 0 17 5 26 0 0 0.183265 0.274779 2.29757e-05 0.957397
70 0.110345 0 24 6 18 0 0 0.252116 0.410541 0.00151766 1.72585
71 0.112834 0 27 7 14 0 0 0.157432 0.244491 0.00152991 1.2309
72 0.11477 0 29 8 12 0 0 0.131806 0.188169 0.00599566 0.926748
73 0.116429 0 26 11 14 0 0 0.0938915 0.137941 0.00334666 0.785761
74 0.118365 0 23 13 16 0 0 0.112045 0.168455 0.00643874 0.800675
75 0.120577 0 25 13 14 0 0 0.133121 0.168113 0.00315168 0.730373
76 0.122513 0 28 14 10 0 0 0.164192 0.247897 0.000692146 0.831555
77 0.123896 0 27 16 10 0 0 0.197375 0.338197 0.000722162 1.61304
78 0.125279 0 26 17 10 0 0 0.147451 0.249316 0.00158311 0.73379
79 0.126662 0 24 18 12 0 0 0.129751 0.232673 0.00212594 0.599841
80 0.128321 0 22 19 14 0 0 0.21785 0.381414 0.00251746 0.923935
81 0.130257 0 22 19 16 0 0 0.180465 0.338213 0.00277759 1.08354
82 0.132469 0 26 14 22 0 0 0.258879 0.390363 0.00591878 1.17354
83 0.135511 0 27 12 26 0 0 0.401736 0.649367 9.27873e-05 3.7743
84 0.139107 0 27 12 26 0 0 0.334714 0.446369 0.00246631 2.39637
85 0.142702 0 23 15 28 0 0 0.373544 0.641597 0.00345755 3.61798
86 0.146574 0 24 13 32 0 0 0.353197 0.439406 0.00610287 2.50011
87 0.150998 0 19 17 34 0 0 0.489619 0.706904 0.029914 3.11039
88 0.1557 0 19 17 36 0 0 0.561928 0.846562 0.0345738 3.67401
89 0.160678 0 19 17 38 0 0 0.774598 1.21427 0.0378945 5.25163
90 0.165932 0 22 16 38 0 0 0.797689 1.07485 0.0404283 3.99621
91 0.171187 0 29 19 28 0 0 0.713107 0.835975 0.0118008 3.05805
92 0.175059 0 32 21 24 0 0 0.645058 0.664173 0.0195291 2.46959
93 0.178377 0 31 22 24 0 0 0.540892 0.555444 0.0119712 2.09521
94 0.181696 0 28 23 30 0 0 0.652177 0.727524 0.0173366 3.0362
95 0.185844 0 29 27 26 0 0 0.532154 0.605396 0.0179015 1.99676
96 0.189439 0 29 24 34 0 0 0.527315 0.558985 0.00897062 1.82068
97 0.194141 0 32 23 34 0 0 0.460335 0.430202 0.0416947 1.51472
98 0.198842 0 34 23 34 0 0 0.433702 0.391663 0.0209946 1.52008
99 0.203544 0 34 26 32 0 0 0.409573 0.422841 0.00887403 1.95004
100 0.207968 0 30 27 38 0 0 0.395733 0.437368 0.00688841 1.79937
101 0.213223 0 30 26 42 0 0 0.336941 0.366066 0.00994315 1.69334
102 0.219031 0 29 26 44 0 0 0.374798 0.401034 0.0277476 1.69562
103 0.225115 0 37 21 46 0 0 0.489938 0.548715 0.0537796 1.91952
104 0.231476 0 36 19 54 0 0 0.624787 0.623327 0.0106952 1.95621
105 0.238943 0 41 22 48 0 0 0.955398 1.07245 0.0133317 5.44824
106 0.24558 0 43 23 46 0 0 0.900959 1.09172 0.014688 4.26869
107 0.251941 0 42 26 46 0 0 0.847637 1.1431 0.022912 4.04134
108 0.258301 0 41 25 52 0 0 1.01447 1.38212 0.0272474 5.39023
109 0.265492 0 43 25 54 0 0 1.10157 1.5968 0.0159069 6.24085
110 0.272959 0 45 27 52 0 0 0.972174 1.31055 0.00552686 5.62968
111 0.280149 0 46 27 52 0 0 1.02443 1.36831 0.00834602 5.34705
112 0.287339 0 53 30 42 0 0 1.04543 1.38925 0.0128814 6.45629
113 0.293147 0 61 29 38 0 0 1.19928 1.86629 0.0122801 8.42309
114 0.298402 0 63 26 44 0 0 1.08743 1.76425 0.0085804 9.86469
115 0.304486 0 60 29 46 0 0 0.943665 1.59793 0.00600401 9.44142
116 0.310847 0 62 26 52 0 0 0.999887 1.44682 0.00514576 7.15853
117 0.318037 0 65 28 50 0 0 0.939952 1.34123 0.0505688 6.10804
118 0.324951 0 68 29 50 0 0 1.38344 2.16464 0.0230975 10.5217
119 0.331865 0 68 29 54 0 0 1.40808 2.17419 0.00804976 11.3319
120 0.339332 0 66 32 54 0 0 1.42041 2.18308 0.0121198 10.604
121 0.346799 0 62 33 60 0 0 1.37199 2.00147 0.023186 9.27577
122 0.355095 0 67 32 58 0 0 1.4358 1.88326 0.0166194 8.67266
123 0.363115 0 75 32 52 0 0 1.59232 1.98776 0.00454802 9.28315
124 0.370306 0 77 29 58 0 0 1.58159 1.75349 0.0129527 8.05707
125 0.378326 0 84 30 52 0 0 1.31726 1.49822 0.0123002 7.06307
126 0.385516 0 85 30 56 0 0 1.22812 1.27154 0.0394445 6.03762
127 0.39326 0 87 31 58 0 0 1.21651 1.22036 0.0525326 5.27668
128 0.40128 0 92 30 58 0 0 1.0692 1.02644 0.00904731 4.44799
129 0.4093 0 88 32 64 0 0 1.10758 1.08945 0.00386424 4.93065
130 0.41566 0.00248898 89 32 66 1 0 1.10495 0.975574 0.014985 4.62206
131 0.424787 0.00248898 88 36 64 1 0 1.01195 0.968 0.0130723 4.46177
132 0.433636 0.00248898 82 44 64 1 0 1.05961 1.06124 0.0102568 4.62577
133 0.442486 0.00248898 89 45 58 1 0 1.08928 1.09375 0.00923359 5.05183
134 0.450506 0.00248898 90 45 60 1 0 1.2099 1.38723 0.0108861 6.03435
135 0.458803 0.00248898 95 45 60 1 0 1.25802 1.38971 0.0151066 6.37655
136 0.467099 0.00248898 100 44 62 1 0 1.20569 1.19621 0.0124249 6.01569
137 0.475673 0.00248898 102 47 60 1 0 1.24778 1.21475 0.000341806 6.42384
138 0.483969 0.00248898 109 42 64 1 0 1.36314 1.3703 0.0152954 6.81195
139 0.49033 0.00497797 114 40 64 2 0 1.36323 1.43201 0.00630892 8.14478
140 0.49918 0.00248898 112 39 72 1 0 1.38663 1.55283 0.00410532 7.39997
141 0.509136 0.00248898 111 34 88 1 0 1.59382 1.5759 0.00943656 6.69937
142 0.521304 0.00248898 105 41 90 1 0 1.62226 1.58673 0.00393266 6.18735
143 0.533749 0.00248898 103 46 90 1 0 1.95345 1.78576 0.0186018 6.42832
144 0.546194 0.00248898 108 46 90 1 0 2.26754 2.12037 0.0389079 8.21204
145 0.558639 0.00248898 113 48 88 1 0 2.35471 2.33779 0.0356466 10.8539
146 0.568318 0.00497797 115 45 94 2 0 2.40739 2.88573 0.0393361 17.7197
147 0.581316 0.00497797 119 52 84 2 0 2.52085 2.92622 0.0469703 16.9692
148 0.590442 0.00746695 122 54 80 3 0 2.75303 2.95584 0.0380715 14.8411
149 0.601505 0.00497797 130 52 78 2 0 3.2101 3.19558 0.0800655 15.4315
150 0.61229 0.00497797 142 55 68 2 0 3.47491 3.12673 0.0335318 14.5469
151 0.621693 0.00497797 147 46 82 2 0 3.30288 2.96347 0.00931773 14.1734
152 0.633032 0.00497797 149 42 92 2 0 3.48909 3.20082 0.0371631 13.2942
153 0.645753 0.00497797 156 40 92 2 0 3.75731 3.28647 0.0163212 13.4242
154 0.658475 0.00497797 164 35 96 2 0 3.94283 3.36304 0.0322177 13.4103
155 0.671749 0.00497797 173 35 90 2 0 4.07009 3.28616 0.0260561 14.0133
156 0.684194 0.00248898 172 30 104 1 0 4.33619 3.50079 0.0268056 15.8216
157 0.698575 0.00248898 174 28 108 1 0 5.04498 3.86196 0.0201762 19.9684
158 0.713509 0 178 30 104 0 0 5.47261 3.98852 0.0110736 20.4817
159 0.72789 0 188 22 110 0 0 5.73673 4.00718 0.0218558 18.3524
160 0.7431 0 205 24 92 0 0 6.47339 4.35744 0.130009 22.4663
161 0.755822 0 219 22 84 0 0 6.9984 4.52609 0.0811135 21.3545
162 0.767437 0 228 20 80 0 0 6.85602 4.35805 0.372217 24.2221
163 0.778499 0 239 21 70 0 0 7.12964 4.7555 0.306526 25.3369
164 0.788178 0 240 23 70 0 0 7.46845 4.9195 0.2079 23.1933
165 0.797858 0 255 21 60 0 0 7.69231 5.13492 0.11228 24.7743
166 0.806154 0 260 22 56 0 0 8.38358 5.47868 0.22418 28.5781
167 0.813898 0 260 22 60 0 0 9.12369 5.61896 0.185549 29.9612
168 0.822195 0 274 24 44 0 0 9.70644 5.79021 0.16487 30.2043
169 0.828279 0 275 22 48 0 0 10.4952 5.89941 0.217821 30.4261
170 0.834916 0 282 21 44 0 0 10.9127 6.20906 0.459899 31.1232
171 0.841 0 288 20 40 0 0 11.1943 6.5802 0.405291 30.3914
172 0.846531 0 292 17 42 0 0 11.3985 6.51674 0.151423 30.0694
173 0.852339 0 295 15 46 0 0 11.8131 6.73843 0.0971586 33.7723
174 0.8587 0 300 15 42 0 0 11.8428 6.70962 0.170955 35.1176
175 0.864507 0 301 15 44 0 0 11.6787 6.66238 0.105681 36.3157
176 0.870591 0 307 13 44 0 0 11.9007 6.571 0.520887 34.4912
177 0.876676 0 304 14 48 0 0 12.4744 6.56484 0.256726 33.1716
178 0.883313 0 310 13 44 0 0 13.0588 6.75022 0.546563 32.8448
179 0.889397 0 314 12 42 0 0 13.3725 6.8185 0.508458 34.6401
180 0.895205 0 316 12 40 0 0 13.4626 6.73129 0.516364 35.2237
181 0.900736 0 322 12 34 0 0 13.7103 6.86958 0.597805 33.5465
182 0.905437 0 331 10 30 0 0 13.9324 7.01959 0.60146 34.6081
183 0.907097 0.00248898 332 9 30 1 0 13.9759 6.95386 0.167698 36.3913
184 0.911245 0.00248898 331 7 30 1 1 9.6518 4.34839 0.104582 27.0971
185 0.915393 0.00248898 336 8 26 1 1 10.4646 4.51936 0.0698979 29.0108
186 0.918988 0.00248898 339 6 28 1 1 11.3346 4.66367 0.0947997 31.4506
187 0.92286 0.00248898 341 6 26 1 1 11.8432 4.80745 0.916097 32.4607
188 0.926455 0.00248898 343 6 24 1 1 12.2806 4.92863 0.247064 33.3129
189 0.929774 0.00248898 342 7 24 1 1 12.6173 4.96073 0.447691 34.2504
190 0.933093 0.00248898 342 7 24 1 1 12.6586 4.98573 0.521415 34.9043
191 0.933922 0.00497797 347 6 20 2 1 12.7634 5.1124 0.312562 35.2505
192 0.936688 0.00497797 349 6 18 2 1 12.8868 5.22614 0.139712 35.2676
193 0.939177 0.00248898 355 5 14 1 1 13.0483 5.49639 0.139589 36.6302
194 0.941113 0.00248898 358 3 16 1 1 13.1265 5.33808 0.65055 39.6141
195 0.943325 0.00248898 363 3 12 1 1 13.2922 5.32521 0.243786 38.5172
196 0.944984 0.00248898 361 5 12 1 1 13.3274 5.31089 1.29151 37.5446
197 0.946644 0.00248898 361 5 12 1 1 13.5746 5.29275 1.19308 37.4146
198 0.948303 0.00248898 361 4 14 1 1 14.0144 5.27198 0.540693 36.6333
199 0.950239 0.00248898 360 5 14 1 1 14.3316 5.1694 0.285655 35.8062
200 0.949686 0.00497797 361 5 12 2 1 14.636 5.15643 0.258446 34.9641
201 0.951345 0.00248898 361 5 12 1 1 14.8088 5.20546 1.57427 34.3518
202 0.953005 0.00248898 363 5 10 1 1 15.1798 5.44201 2.67393 35.5518
203 0.954387 0.00248898 368 5 6 1 1 15.6889 5.69429 3.52321 35.8114
204 0.952728 0.00497797 369 4 6 2 1 15.8868 5.74906 3.87419 35.5388
205 0.953558 0.00497797 369 2 10 2 1 16.0625 5.61319 3.75353 36.2458
206 0.95494 0.00497797 369 2 10 2 1 16.2565 5.62036 3.55319 36.7423
207 0.956323 0.00497797 371 2 8 2 1 16.4981 5.65211 3.30492 36.5396
208 0.957429 0.00497797 371 1 10 2 1 16.81 5.77375 2.55522 36.9507
209 0.958812 0.00497797 371 1 10 2 1 17.1776 5.88743 2.07146 37.2658
210 0.960195 0.00248898 371 1 10 1 1 17.4929 6.02557 0.922895 37.0453
211 0.961578 0.00248898 371 1 10 1 1 17.8592 6.17804 0.248797 37.9417
212 0.96296 0.00248898 373 0 10 1 1 18.0895 6.44122 1.1202 40.086
213 0.964343 0.00248898 369 1 8 1 2 17.7273 6.20989 2.27091 39.8607
214 0.965449 0 373 1 4 0 2 17.9184 6.34876 2.04545 43.783
215 0.966003 0 373 1 4 0 2 18.0476 6.37812 1.91771 43.2031
216 0.966556 0 370 1 4 0 3 17.654 6.26741 1.9774 39.6952
217 0.967109 0 369 1 2 0 4 17.6915 6.37861 1.67671 38.9028
218 0.967385 0 369 1 2 0 4 17.7254 6.3961 2.13515 39.033
219 0.967662 0 369 1 2 0 4 17.8005 6.42673 2.13974 39.3138
220 0.967938 0 369 1 2 0 4 17.8316 6.42432 2.13085 39.5213
221 0.968215 0 370 2 0 0 4 17.8562 6.39438 2.12708 39.5661
222 0.968215 0 367 1 2 0 5 16.741 5.83364 1.6002 35.899
223 0.968492 0 366 2 2 0 5 16.7715 5.83676 1.57806 35.6635
224 0.968768 0 366 2 2 0 5 16.783 5.84766 1.53921 35.3977
225 0.969045 0 366 2 2 0 5 16.8151 5.87684 1.49225 35.8617
226 0.969321 0 366 2 2 0 5 16.847 5.90947 1.45732 36.818
227 0.954664 0 366 2 2 0 4 16.0356 5.75447 2.21592 34.711
228 0.95494 0 366 2 2 0 4 15.8747 5.67958 2.11994 34.1644
229 0.955217 0 365 3 2 0 4 15.7646 5.61181 0.75225 34.0412
230 0.955494 0 365 2 4 0 4 15.8191 5.5247 0.253538 33.9129
231 0.956047 0 367 2 2 0 4 15.8739 5.67165 0.230586 37.3952
232 0.953834 0.00248898 366 1 4 1 4 15.9406 5.57633 0.212904 35.0124
233 0.954387 0.00248898 366 1 4 1 4 15.9083 5.51383 0.115633 33.9622
234 0.95494 0.00248898 366 1 4 1 4 15.7647 5.4938 0.0672392 34.0455
235 0.955494 0.00248898 366 1 4 1 4 15.6168 5.47974 0.938275 34.1739
236 0.956047 0.00248898 366 1 4 1 4 15.4372 5.50307 0.654135 34.2933
237 0.954111 0.00497797 365 1 4 2 4 15.3501 5.50743 0.761379 34.3986
238 0.954664 0.00497797 365 0 6 2 4 15.497 5.56353 1.1491 35.3283
239 0.953005 0.00746695 366 0 4 3 4 15.5034 5.52919 1.30846 35.0343
240 0.953558 0.00746695 366 0 4 3 4 15.5943 5.56634 0.895833 36.3175
241 0.954111 0.00746695 368 0 2 3 4 15.583 5.62318 0.846778 36.0578
242 0.954387 0.00497797 367 1 2 2 4 15.4626 5.58504 1.94742 35.2541
243 0.954664 0.00497797 366 2 2 2 4 15.4854 5.64285 2.41435 36.0407
244 0.95494 0.00497797 366 2 2 2 4 15.4529 5.58099 2.1289 36.4215
245 0.955217 0.00497797 366 2 2 2 4 15.3551 5.54224 1.88221 36.4496
246 0.955494 0.00497797 366 2 2 2 4 15.3284 5.55079 1.6832 36.3618
247 0.95577 0.00248898 368 2 0 1 4 15.2131 5.55168 1.53826 36.2497
248 0.95577 0.00248898 368 2 0 1 4 15.0865 5.54941 1.43302 36.1075
249 0.95577 0 368 2 0 0 4 14.5136 5.48375 1.33377 35.7008
250 0.95577 0 368 2 0 0 4 14.384 5.34504 1.23235 35.7033
251 0.95577 0 367 2 2 0 4 14.5603 5.35549 1.1376 35.721
252 0.956047 0 367 1 4 0 4 14.6252 5.33661 0.451558 35.5078
253 0.9566 0 367 1 4 0 4 14.6995 5.3977 0.21352 35.1943
254 0.957153 0 367 1 4 0 4 14.8035 5.49197 0.134633 35.9991
255 0.957706 0 366 2 4 0 4 14.9049 5.59462 1.36783 36.8893
256 0.945814 0 365 3 4 0 3 14.3577 5.55171 1.48099 36.5623
257 0.943878 0.00248898 364 3 4 1 3 14.1385 5.44767 1.06328 36.0857
258 0.944431 0.00248898 364 3 4 1 3 13.9978 5.38011 0.970036 35.7685
259 0.937518 0.00248898 364 3 4 1 2 13.7054 5.2626 0.937311 35.3663
260 0.930604 0.00248898 366 2 4 1 1 13.4471 5.25731 0.705947 34.915
261 0.931157 0.00248898 367 3 2 1 1 13.2394 5.26412 0.797783 34.4463
262 0.931433 0.00248898 367 3 2 1 1 13.0363 5.22571 0.671301 34.0133
263 0.93171 0.00248898 366 4 2 1 1 12.8162 5.19832 0.822845 33.635
264 0.931986 0.00248898 366 3 4 1 1 12.8824 5.17432 0.330084 34.4914
265 0.925073 0.00248898 366 2 6 1 0 12.6856 5.36851 0.164896 35.0756
266 0.925902 0.00248898 365 3 6 1 0 12.5675 5.31246 0.147547 35.0697
267 0.926732 0 365 3 6 0 0 12.3251 5.22394 1.10085 34.1742
268 0.927562 0 364 4 6 0 0 12.2257 5.16338 0.681111 33.4846
269 0.928391 0 365 5 4 0 0 12.0786 5.08443 0.69018 32.81
270 0.928944 0 364 5 6 0 0 12.0476 5.10542 1.33833 31.9046
271 0.929774 0 363 6 6 0 0 11.9742 4.99015 1.0566 31.5679
272 0.930604 0 363 5 8 0 0 11.827 4.84152 0.685422 31.3494
273 0.93171 0 365 5 6 0 0 11.8384 4.83639 0.729236 31.4179
274 0.93254 0 366 6 4 0 0 11.8263 4.77512 0.908262 31.4304
275 0.930604 0.00248898 363 7 6 1 0 11.6403 4.65141 0.940923 31.3452
276 0.931433 0.00248898 361 9 6 1 0 11.5664 4.66544 0.801693 31.2131
277 0.932263 0.00248898 360 9 8 1 0 11.7724 4.5759 0.751653 31.1694
278 0.933369 0.00248898 360 8 10 1 0 11.9517 4.59115 0.78204 31.2194
279 0.934752 0.00248898 362 7 10 1 0 12.3806 4.7043 0.868208 31.3385
280 0.933646 0.00497797 361 6 12 2 0 12.8395 4.8091 1.03269 31.7067
281 0.935305 0.00497797 363 6 10 2 0 13.1391 4.93185 1.13903 31.951
282 0.936688 0.00497797 362 7 10 2 0 13.178 4.91119 1.21297 31.895
283 0.938071 0.00497797 361 7 12 2 0 13.3353 4.86594 0.842047 32.374
284 0.93973 0.00497797 363 5 14 2 0 13.7412 5.16693 1.52761 32.4788
285 0.941666 0.00248898 361 5 18 1 0 14.0433 5.5956 1.44449 34.1274
286 0.941666 0.00497797 361 5 18 2 0 14.1792 5.82212 1.31614 35.0485
287 0.941666 0.00746695 358 6 16 3 1 13.2625 4.87418 1.36358 32.6647
288 0.941389 0.00995594 358 7 14 4 1 13.669 5.06226 1.36629 33.728
289 0.943325 0.00995594 358 9 12 4 1 13.9939 5.20566 1.02245 35.1436
290 0.944984 0.00746695 357 10 12 3 1 14.1962 5.42197 0.648447 36.9085
291 0.946644 0.00746695 357 9 14 3 1 14.6975 5.80164 0.389572 40.1954
292 0.94858 0.00746695 359 8 14 3 1 15.0933 5.9551 0.246094 40.0965
293 0.948027 0.00995594 362 8 10 4 1 15.5965 6.19885 0.241783 41.0766
294 0.949409 0.00995594 366 6 10 4 1 16.4009 6.58901 0.303722 44.5667
295 0.950792 0.00995594 365 8 10 4 1 16.7697 6.63274 0.334049 47.5227
296 0.952175 0.00746695 365 7 12 3 1 16.8485 6.47898 0.404061 50.1546
297 0.953834 0.00497797 365 6 14 2 1 17.0748 6.38505 1.94217 51.1585
298 0.95577 0.00248898 365 4 18 1 1 17.3803 6.58078 2.59573 50.9004
299 0.958259 0.00248898 362 3 20 1 2 15.718 4.81116 3.11571 37.0421
300 0.961025 0.00248898 364 3 18 1 2 16.1101 4.88187 3.13831 37.3075
301 0.961025 0.00497797 365 3 16 2 2 16.4743 4.98733 3.09691 38.0623
302 0.963237 0.00497797 365 3 16 2 2 16.7534 5.10528 2.99466 38.241
303 0.965449 0.00248898 369 3 12 1 2 17.0055 5.21386 0.380647 37.7601
304 0.967109 0.00248898 371 0 16 1 2 17.7772 5.64382 0.410417 37.665
305 0.969321 0.00248898 373 0 14 1 2 18.2119 5.80609 0.602311 42.588
306 0.971257 0.00248898 375 0 12 1 2 18.606 5.79298 2.21161 42.3295
307 0.972916 0.00248898 379 0 8 1 2 18.8962 5.8468 2.00107 44.959
308 0.974023 0.00248898 381 0 6 1 2 18.947 5.91905 0.297595 44.5868
309 0.974852 0.00248898 380 0 6 1 3 17.88 5.17817 4.60242 42.4188
310 0.975682 0.00248898 376 0 6 1 4 17.2317 5.13794 4.43321 44.7462
311 0.976512 0 376 0 6 0 4 17.268 5.13495 4.42998 44.7033
312 0.977341 0 376 0 6 0 4 17.3832 5.1199 4.43481 44.7395
313 0.978171 0 382 0 0 0 4 17.4563 5.12099 4.44367 44.8712
314 0.978171 0 378 0 0 0 5 17.516 5.33625 4.35117 43.0357
315 0.978171 0 375 0 0 0 6 17.3368 5.25907 4.34034 42.3458
316 0.978171 0 374 1 0 0 6 17.3355 5.25981 4.33566 42.329
317 0.975682 0.00248898 362 1 0 1 8 16.7864 4.93647 2.0139 38.3362
318 0.975682 0.00248898 362 1 0 1 8 16.8088 4.85354 2.03503 38.3421
319 0.973193 0.00497797 360 2 0 2 8 16.829 4.80068 2.06934 38.3672
320 0.973193 0.00497797 360 2 0 2 8 16.8322 4.7787 2.09651 38.4128
321 0.973193 0.00497797 360 2 0 2 8 16.8357 4.76988 2.10636 38.4683
322 0.973193 0.00497797 360 2 0 2 8 16.8398 4.76815 2.09514 38.5229
323 0.973193 0.00497797 359 3 0 2 8 16.8454 4.77075 2.05405 38.5751
324 0.973193 0.00497797 357 3 0 2 9 16.757 4.76374 4.10856 34.4056
325 0.973193 0.00497797 357 2 2 2 9 16.7464 4.78665 4.1433 34.3753
326 0.97347 0.00497797 357 2 2 2 9 16.7846 4.79833 4.17741 34.349
327 0.973746 0.00248898 357 2 2 1 9 16.7679 4.81217 4.16487 34.3197
328 0.974023 0.00248898 357 1 4 1 9 16.8289 4.81309 3.6324 34.2917
329 0.974576 0 357 1 4 0 9 16.8855 4.85057 4.1727 34.191
330 0.965173 0.00248898 356 1 4 1 8 16.6432 4.93488 2.84833 33.469
331 0.965726 0.00248898 356 1 4 1 8 16.6504 4.98733 3.87351 33.2043
332 0.966279 0.00248898 356 0 6 1 8 16.7475 5.02497 3.74695 32.9362
333 0.967109 0.00248898 356 0 6 1 8 16.7682 5.05494 2.82114 32.5218
334 0.967938 0.00248898 358 0 4 1 8 17.0123 5.2268 2.04124 43.1519
335 0.968492 0.00248898 358 0 4 1 8 17.1129 5.26259 1.51047 42.7202
336 0.969045 0.00248898 358 0 4 1 8 17.1699 5.36073 1.47477 42.4429
337 0.969598 0.00248898 359 1 2 1 8 17.2102 5.42417 3.11964 42.187
338 0.969874 0.00248898 359 1 2 1 8 17.2074 5.40501 3.01392 41.8957
339 0.970151 0.00248898 359 1 2 1 8 17.2207 5.37541 3.18368 41.6687
340 0.970427 0 359 1 2 0 8 17.2087 5.32278 3.48097 41.5117
341 0.970704 0 361 1 0 0 8 17.3007 5.30475 3.53889 41.3817
342 0.963237 0 361 1 0 0 7 16.7808 5.31756 2.86628 41.2554
343 0.963237 0 361 1 0 0 7 16.6919 5.20761 3.82862 41.0563
344 0.963237 0 361 1 0 0 7 16.6254 5.16259 3.56711 40.7867
345 0.963237 0 359 3 0 0 7 16.5687 5.13206 3.31193 40.4834
346 0.963237 0 359 2 2 0 7 16.6805 5.14417 3.08234 40.2743
347 0.963514 0 359 2 2 0 7 16.6472 5.18046 2.15679 40.0616
348 0.96379 0 358 3 2 0 7 16.562 5.2675 0.56315 39.8227
349 0.961578 0.00248898 352 3 2 1 8 16.1267 5.25166 1.17459 38.0185
350 0.961854 0.00248898 352 3 2 1 8 16.1746 5.28183 1.01574 37.9647
351 0.962131 0.00248898 350 3 2 1 9 16.2876 5.28555 2.1905 37.9588
352 0.957429 0.00248898 341 3 2 1 9 14.6846 5.20658 2.97713 34.2318
353 0.94775 0.00248898 340 4 2 1 8 14.6426 5.18457 3.02422 34.1437
354 0.945538 0.00497797 338 3 6 2 8 14.7421 5.20582 2.23904 34.3463
355 0.946367 0.00497797 338 5 4 2 8 14.81 5.38117 1.58385 34.3597
356 0.94692 0.00497797 338 5 4 2 8 14.6337 5.42364 0.988672 34.238
357 0.937518 0.00497797 337 5 6 2 7 14.2486 5.5795 0.391626 34.1395
358 0.93088 0.00497797 337 5 6 2 6 13.4256 5.49302 0.144803 33.8966
359 0.93171 0.00248898 337 5 6 1 6 12.8935 5.55535 0.417254 33.3187
360 0.905161 0.00248898 335 7 6 1 4 11.7085 5.76843 0.4258 32.3142
361 0.90599 0.00248898 335 7 6 1 4 11.0599 5.66438 0.354389 30.9807
362 0.90682 0.00248898 331 10 8 1 4 10.4823 5.2275 0.277833 29.988
363 0.907926 0.00248898 334 10 6 1 4 10.4285 5.36168 0.246707 33.4531
364 0.908756 0 333 9 10 0 4 10.4355 5.06735 0.190915 29.1235
365 0.910139 0 332 10 10 0 4 10.2877 4.99139 0.202032 28.4304
366 0.911521 0 331 12 10 0 4 10.4964 5.18772 0.189383 31.8122
367 0.907926 0 329 14 10 0 3 10.3165 5.14064 0.173073 30.6599
368 0.909309 0 327 16 10 0 3 10.2329 5.0739 0.16952 29.8153
369 0.910692 0 325 16 14 0 3 10.1758 4.90865 0.252456 28.9191
370 0.912628 0 323 18 14 0 3 10.0927 4.70573 0.157527 27.943
371 0.914564 0 325 14 20 0 3 10.2016 4.74541 0.516543 28.0741
372 0.917329 0 324 16 20 0 3 10.0251 4.56857 0.774052 26.6862
373 0.920095 0 325 18 18 0 3 10.0939 4.30636 0.925564 26.5261
374 0.922584 0 324 18 20 0 3 10.2712 4.10732 2.8221 27.3349
375 0.925349 0 326 15 24 0 3 10.8602 4.36478 2.28265 31.8202
376 0.928668 0 326 13 28 0 3 11.0986 4.41319 2.2325 31.5874
377 0.93254 0 326 11 32 0 3 11.8754 4.75781 0.251817 31.8228
378 0.936964 0 330 9 32 0 3 12.4114 5.09562 0.367552 32.0019
379 0.941389 0 330 7 36 0 3 13.0538 5.37298 0.326004 32.0307
380 0.946367 0 338 7 28 0 3 13.4908 5.57947 0.964273 33.4519
381 0.950239 0 338 6 32 0 3 13.5023 5.43059 0.58735 36.0689
382 0.954664 0 339 4 36 0 3 14.5659 5.51544 1.07607 36.2522
383 0.959642 0 339 5 36 0 3 15.4756 5.40996 0.86409 40.4864
384 0.96462 0 338 5 30 0 4 15.3218 5.14657 0.0476058 37.2981
385 0.968768 0 336 5 26 0 5 16.2498 5.25446 4.13408 37.8281
386 0.972363 0 340 5 22 0 5 17.0955 5.57561 4.08146 38.2455
387 0.975405 0 344 5 18 0 5 17.7549 5.77573 3.54257 38.8251
388 0.977894 0 348 5 14 0 5 18.3009 6.07299 3.25155 39.5583
389 0.977341 0.00248898 347 5 14 1 5 18.6395 6.28547 5.17462 41.2393
390 0.979277 0.00248898 352 4 12 1 5 19.4016 6.39432 2.60366 41.2538
391 0.978447 0.00497797 357 3 8 2 5 19.6929 6.18035 1.16752 41.8927
392 0.967109 0.00497797 358 2 10 2 4 19.3096 6.13853 1.04523 42.5389
393 0.968492 0.00497797 357 3 10 2 4 19.2138 6.2157 2.40276 42.748
394 0.964896 0.00497797 357 3 10 2 3 18.9103 6.38669 2.33073 42.4996
395 0.946367 0.00497797 355 3 10 2 3 13.9386 5.36996 1.10041 33.7976
396 0.94775 0.00497797 355 3 10 2 3 14.1273 5.30675 1.9175 33.2513
397 0.949133 0.00497797 355 3 10 2 3 14.3742 5.30102 2.81917 32.815
398 0.950516 0.00497797 355 3 10 2 3 14.5991 5.35468 3.00333 34.0113
399 0.951898 0.00248898 359 2 8 1 3 14.8365 5.77005 1.44572 38.2966
400 0.953005 0.00248898 361 2 6 1 3 14.8848 5.7581 1.06234 37.4573
401 0.953834 0 364 2 4 0 3 14.928 5.77154 1.48579 37.257
402 0.954387 0 364 1 6 0 3 15.1081 5.81012 0.903974 35.081
403 0.955217 0 364 1 6 0 3 15.1966 5.72573 0.646305 37.5762
404 0.956047 0 364 1 6 0 3 15.3554 5.69586 0.772075 40.5278
405 0.956876 0 364 1 6 0 3 15.5147 5.68979 1.44082 41.8338
406 0.957706 0 359 2 6 0 4 15.2102 5.38203 2.05893 34.9057
407 0.956047 0.00248898 358 2 6 1 4 15.3833 5.39187 2.17508 35.362
408 0.956876 0.00248898 360 2 4 1 4 15.5895 5.42794 2.38548 35.8523
409 0.957429 0.00248898 360 2 4 1 4 15.7341 5.4412 2.5197 36.2715
410 0.957983 0.00248898 362 1 4 1 4 16.0841 5.66155 1.10161 36.643
411 0.958536 0.00248898 364 1 2 1 4 16.2263 5.63206 2.66812 36.8247
412 0.958812 0.00248898 363 2 2 1 4 16.2703 5.5891 2.74425 36.9081
413 0.959089 0.00248898 363 2 2 1 4 16.31 5.57148 2.86533 36.9777
414 0.959365 0.00248898 363 2 2 1 4 16.329 5.57842 2.97994 36.9652
415 0.959642 0.00248898 363 1 4 1 4 16.5058 5.62158 3.21837 37.2728
416 0.960195 0.00248898 363 1 4 1 4 16.5686 5.63445 1.83233 37.3178
417 0.960748 0 363 1 4 0 4 16.4911 5.6732 0.872879 37.2127
418 0.961301 0 363 1 4 0 4 16.4856 5.70886 1.24444 37.419
419 0.961854 0 365 1 2 0 4 16.5124 5.74323 2.67087 37.5476
420 0.962131 0 365 1 2 0 4 16.5424 5.77825 2.3291 37.7674
421 0.962407 0 365 0 4 0 4 16.7182 5.73254 2.155 38.0301
422 0.960471 0.00248898 363 1 4 1 4 16.8405 5.81757 3.81389 38.3532
423 0.961025 0.00248898 363 1 4 1 4 16.9023 5.83917 3.92242 38.6835
424 0.961578 0.00248898 365 1 2 1 4 17.0053 5.82827 3.8751 38.8761
425 0.961854 0.00248898 365 1 2 1 4 17.015 5.76955 3.98913 39.012
426 0.962131 0.00248898 356 1 2 1 6 16.4362 5.78548 1.03975 41.1539
427 0.944984 0.00248898 355 2 2 1 5 15.9049 5.68624 0.169266 40.4973
428 0.930327 0.00248898 354 3 2 1 4 15.1573 5.64338 0.446288 40.0445
429 0.930604 0.00248898 352 5 2 1 4 14.8476 5.62063 1.4903 39.3334
430 0.93088 0.00248898 354 5 0 1 4 14.5278 5.6238 1.30302 38.4051
431 0.93088 0.00248898 353 5 2 1 4 14.236 5.92637 1.5501 36.8155
432 0.931157 0 353 5 2 0 4 13.757 5.90809 0.863769 35.0359
433 0.931433 0 353 5 2 0 4 13.3641 5.76434 0.420944 34.336
434 0.93171 0 353 5 2 0 4 13.0419 5.61444 0.484752 33.7375
435 0.929497 0.00248898 352 5 2 1 4 12.7962 5.50043 0.781244 33.1815
436 0.929774 0.00248898 351 5 4 1 4 12.6644 5.37886 0.443516 32.6717
437 0.930327 0.00248898 351 4 6 1 4 12.64 5.3639 0.501303 32.2212
438 0.926179 0.00248898 348 5 10 1 3 12.6396 5.35203 0.667 32.7659
439 0.927562 0.00248898 348 5 10 1 3 12.5766 5.22402 0.252086 34.0841
440 0.928944 0.00248898 350 4 10 1 3 12.418 5.0519 0.159817 34.4794
441 0.930327 0.00248898 348 6 10 1 3 12.2548 4.94315 0.166399 33.9694
442 0.93171 0.00248898 348 6 10 1 3 12.3311 4.83104 0.869394 33.6449
443 0.933093 0.00248898 348 6 10 1 3 12.5364 4.74688 0.977538 33.4839
444 0.934475 0.00248898 348 6 10 1 3 12.7764 4.6992 1.01265 33.4166
445 0.935858 0 349 6 10 0 3 13.1012 4.68476 0.990118 33.3346
446 0.937241 0 350 7 8 0 3 13.3137 4.8161 0.939067 33.2992
447 0.938347 0 354 4 10 0 3 13.8802 5.15837 0.976247 32.9187
448 0.93973 0 353 5 10 0 3 14.0217 5.09202 0.7253 32.2682
449 0.931157 0 354 6 8 0 2 13.9349 5.18682 0.416467 34.6842
450 0.932263 0 354 4 12 0 2 13.885 4.98502 0.1558 33.8397
451 0.933922 0 354 4 12 0 2 13.8769 4.84973 0.105088 33.8707
452 0.935582 0 353 5 12 0 2 13.9051 4.76166 0.182485 33.722
453 0.937241 0 353 5 12 0 2 13.9281 4.76 0.0733588 34.7223
454 0.9389 0 355 4 12 0 2 13.9352 4.82376 0.467291 35.0349
455 0.94056 0 355 3 14 0 2 13.8688 4.84933 0.892231 34.7895
456 0.942495 0 361 3 8 0 2 13.9194 5.03759 1.27646 36.5829
457 0.941113 0.00248898 359 3 10 1 2 14.0729 5.01154 1.8625 34.6311
458 0.942495 0.00248898 359 2 12 1 2 14.1997 5.10192 2.07455 33.3073
459 0.944155 0.00248898 362 3 8 1 2 14.4229 5.30195 1.05206 32.7089
460 0.945261 0.00248898 361 4 8 1 2 14.4732 5.15698 1.22862 32.1371
461 0.946367 0.00248898 360 4 10 1 2 14.6409 5.04581 2.80455 31.4355
462 0.94775 0.00248898 358 6 10 1 2 14.8064 4.98378 2.93532 31.4184
463 0.949133 0.00248898 360 6 8 1 2 15.0294 5.01182 2.89786 31.9711
464 0.950239 0.00248898 361 7 6 1 2 15.3189 5.23381 2.7734 34.1483
465 0.951069 0.00248898 361 7 6 1 2 15.4827 5.24823 2.65082 32.9087
466 0.951898 0.00248898 363 6 6 1 2 15.7251 5.20904 2.57631 35.9454
467 0.952728 0 365 6 4 0 2 15.3886 5.21645 2.51968 33.4426
468 0.953281 0 364 6 6 0 2 15.1687 5.23927 2.34707 33.5752
469 0.93171 0 364 5 8 0 0 14.4345 5.09674 1.75959 34.3668
470 0.932816 0 365 5 8 0 0 14.5487 5.09674 0.95301 34.6811
471 0.933922 0 364 4 12 0 0 14.858 5.28494 0.282398 32.6579
472 0.935582 0 364 4 12 0 0 14.8027 5.48155 0.183107 33.1936
473 0.937241 0 364 3 14 0 0 14.9338 5.61786 0.198478 34.1618
474 0.939177 0 364 3 14 0 0 15.0846 5.59695 0.130303 35.3372
475 0.941113 0 365 4 12 0 0 15.2904 5.69424 0.129056 36.1785
476 0.942772 0 363 6 12 0 0 15.5492 5.70691 1.02792 37.4305
477 0.944431 0 365 5 12 0 0 15.7806 5.8409 0.473537 38.247
478 0.946091 0 367 5 10 0 0 15.6874 5.94452 0.381425 38.0045
479 0.947473 0 369 4 10 0 0 15.6149 5.95985 0.423359 37.6783
480 0.948856 0 373 3 8 0 0 15.7294 6.06552 0.75869 36.7053
481 0.949962 0 373 3 8 0 0 15.6883 5.90564 0.630177 35.2376
482 0.951069 0 374 4 6 0 0 15.828 5.80182 0.46852 35.6868
483 0.951898 0 373 5 6 0 0 15.9127 5.73629 1.42341 37.0414
484 0.952728 0 373 4 8 0 0 16.1259 5.69144 0.937758 38.4392
485 0.953834 0 373 2 12 0 0 16.4657 5.59919 0.873728 37.7841
486 0.955494 0 374 3 10 0 0 16.663 5.73164 0.491651 38.9585
487 0.956876 0 374 3 10 0 0 16.7398 5.75833 0.330595 37.8087
488 0.958259 0 376 3 8 0 0 16.9491 5.94402 0.736755 40.9997
489 0.956876 0.00248898 370 4 6 1 1 15.8249 5.53341 1.19398 40.5502
490 0.957706 0.00248898 370 4 6 1 1 15.9544 5.55768 1.56893 40.6237
491 0.958536 0.00248898 370 3 8 1 1 16.2194 5.57665 0.631855 39.0629
492 0.959642 0.00248898 370 2 10 1 1 16.7442 5.80326 1.54778 40.6193
493 0.961025 0.00248898 370 2 8 1 2 16.9733 5.47388 3.29333 38.0367
494 0.962131 0.00248898 374 2 4 1 2 17.2622 5.59616 4.00555 38.5385
495 0.962684 0.00248898 374 1 6 1 2 17.5569 5.59068 4.1042 39.3838
496 0.963514 0.00248898 374 1 6 1 2 17.7112 5.67216 4.1766 40.4766
497 0.964343 0.00248898 374 1 6 1 2 17.7096 5.62126 3.66405 41.6
498 0.965173 0.00248898 374 0 8 1 2 17.9733 5.69357 3.10779 42.3032
499 0.966279 0 369 0 8 0 3 18.0887 5.4656 1.24073 41.4233
500 0.967385 0 367 0 6 0 4 17.5197 5.44741 3.93975 44.2175
501 0.968215 0 369 0 4 0 4 17.6379 5.44716 3.97598 44.0184
502 0.968768 0 368 1 4 0 4 17.7268 5.45601 4.01877 44.2643
503 0.969321 0 364 1 4 0 5 18.4049 5.5876 4.66272 38.8886
504 0.969874 0 366 1 2 0 5 18.4929 5.58285 4.66176 38.8532
505 0.970151 0 366 1 2 0 5 18.5377 5.58517 4.72673 38.8253
506 0.970427 0 366 1 2 0 5 18.5888 5.59185 4.74884 38.8087
507 0.970704 0 361 1 0 0 6 17.8037 5.31324 3.01289 36.0888
508 0.970704 0 361 1 0 0 6 17.7233 5.28045 2.92845 36.1607
509 0.968215 0.00248898 360 1 0 1 6 17.745 5.31518 2.89108 36.1939
510 0.968215 0.00248898 360 1 0 1 6 17.7364 5.30625 2.80838 36.3473
511 0.968215 0.00248898 360 0 2 1 6 17.7937 5.285 2.78311 36.9541
512 0.968492 0.00248898 360 0 2 1 6 17.8496 5.27445 2.43513 37.6568
513 0.968768 0.00248898 360 0 2 1 6 17.9179 5.27217 2.8767 37.8827
514 0.969045 0.00248898 360 0 2 1 6 18.0489 5.3303 3.04208 37.9509
515 0.969321 0.00248898 360 0 2 1 6 18.1249 5.36308 3.2727 37.9516
516 0.969598 0.00248898 360 0 2 1 6 18.1425 5.37139 3.22573 37.9581
517 0.967385 0.00497797 359 0 2 2 6 18.224 5.45485 0.536661 38.0696
518 0.967662 0.00497797 359 0 2 2 6 18.2826 5.49515 0.193631 38.2834
519 0.967938 0.00248898 353 0 2 1 7 17.6453 5.33556 1.60969 34.0908
520 0.968215 0.00248898 355 0 0 1 7 17.6455 5.36186 1.58327 34.067
521 0.968215 0.00248898 355 0 0 1 7 17.6473 5.36305 1.54357 34.0586
522 0.968215 0.00248898 354 1 0 1 7 17.6473 5.36267 1.50706 34.094
523 0.968215 0.00248898 352 3 0 1 7 17.6462 5.36179 2.41882 34.1322
524 0.968215 0.00248898 352 3 0 1 7 17.6779 5.42667 2.50369 34.1639
525 0.968215 0.00248898 352 3 0 1 7 17.6768 5.42591 2.51943 34.1895
526 0.968215 0.00248898 352 3 0 1 7 17.6421 5.35839 2.44321 34.2102
527 0.968215 0 351 4 0 0 7 17.4638 5.40305 2.44702 34.2251
528 0.968215 0 350 5 0 0 7 17.3936 5.47295 4.93148 34.2189
529 0.968215 0 350 5 0 0 7 17.3499 5.44371 4.8738 34.1919
530 0.968215 0 350 5 0 0 7 17.3172 5.4339 4.82378 34.1499
531 0.968215 0 350 4 2 0 7 17.2554 5.44747 4.63882 34.0929
532 0.953558 0 350 2 6 0 6 16.7584 5.16723 3.40235 33.9312
533 0.954387 0 350 2 6 0 6 16.5021 5.14934 1.41667 34.1972
534 0.955217 0 350 2 6 0 6 16.1989 5.34131 0.290065 34.5159
535 0.956047 0 350 2 6 0 6 16.0071 5.54297 0.435076 34.3326
536 0.951898 0 350 1 8 0 5 15.4701 5.5708 1.21775 34.2364
537 0.953005 0 350 0 10 0 5 15.4239 5.5267 0.681371 34.0199
538 0.954387 0 349 1 10 0 5 15.4626 5.54274 2.10594 34.0304
539 0.95577 0 349 1 10 0 5 15.5356 5.708 2.02343 34.4007
540 0.957153 0 351 1 8 0 5 15.5786 5.87687 1.38267 35.5468
541 0.958259 0 354 2 4 0 5 15.4695 6.0897 0.597201 35.7071
542 0.946367 0 353 3 4 0 4 14.9474 5.9604 0.328812 35.3413
543 0.936964 0 353 3 4 0 3 14.323 5.66201 0.31369 35.672
544 0.937518 0 353 3 4 0 3 13.8647 5.56908 0.576992 35.8982
545 0.938071 0 353 5 2 0 3 13.581 5.52752 0.838362 35.7623
546 0.928391 0 354 6 0 0 2 13.1233 5.38284 0.25547 35.4841
547 0.928391 0 354 5 2 0 2 12.7982 5.2114 0.758601 35.1528
548 0.928668 0 351 8 2 0 2 12.4963 5.05897 1.00929 34.7974
549 0.928944 0 348 11 2 0 2 12.3263 4.90579 1.15834 34.421
550 0.911798 0 346 12 4 0 1 12.0715 4.83955 0.393463 34.0836
551 0.912351 0 346 11 6 0 1 12.1166 4.75931 0.126661 33.9467
552 0.913181 0 345 12 6 0 1 12.062 4.70907 0.0709687 34.5046
553 0.91401 0 344 13 6 0 1 11.993 4.72825 0.050956 35.2882
554 0.91484 0 344 11 10 0 1 12.1309 4.83658 0.0336439 36.3079
555 0.916223 0 343 11 12 0 1 11.9701 4.94344 0.381832 37
556 0.917882 0 344 12 10 0 1 11.9792 5.30814 0.321813 38.8858
557 0.916776 0.00248898 342 10 16 1 1 12.1231 5.44685 0.283084 36.1878
558 0.918988 0.00248898 342 7 22 1 1 12.2954 5.63643 0.197764 35.1825
559 0.922031 0.00248898 344 5 24 1 1 12.676 5.71036 0.558513 31.9389
560 0.925349 0.00248898 345 6 22 1 1 12.9519 5.79836 0.592804 32.023
561 0.928391 0.00248898 344 6 24 1 1 13.1041 5.80892 0.379864 34.0429
562 0.916776 0.00248898 344 5 26 1 0 12.9053 5.99493 0.430173 40.0314
563 0.920371 0.00248898 346 7 22 1 0 12.942 6.0964 0.650083 39.1528
564 0.923413 0.00248898 347 7 22 1 0 13.1529 5.91793 0.717535 36.4847
565 0.926455 0.00248898 345 8 24 1 0 13.2264 5.65453 0.190485 35.9564
566 0.929774 0.00248898 351 7 20 1 0 13.6187 5.60466 0.73864 35.4445
567 0.93254 0 356 8 14 0 0 13.8546 5.29781 0.741979 33.2726
568 0.934475 0 360 8 10 0 0 13.904 5.11725 0.680096 32.0439
569 0.935858 0 360 7 12 0 0 13.8739 5.03031 0.790305 30.6478
570 0.937518 0 361 7 12 0 0 14.0052 5.16704 0.616632 34.2674
571 0.939177 0 363 7 10 0 0 13.9285 5.38584 0.442557 38.3664
572 0.94056 0 363 5 14 0 0 13.9674 5.47222 0.168178 34.9889
573 0.942495 0 365 4 14 0 0 14.2256 5.63366 0.596152 34.2769
574 0.944431 0 367 2 16 0 0 14.6449 5.84859 0.453037 35.7674
575 0.946644 0 369 2 14 0 0 14.8437 5.63757 1.16415 37.4816
576 0.94858 0 368 2 16 0 0 15.0511 5.58186 1.01412 38.739
577 0.950792 0 368 2 16 0 0 15.3375 5.63093 1.90748 39.3864
578 0.953005 0 370 2 14 0 0 15.5212 5.74671 2.87171 40.0084
579 0.95494 0 369 1 14 0 1 13.8191 4.72734 0.969303 32.7047
580 0.956876 0 368 2 14 0 1 14.1734 4.73711 0.283619 33.1331
581 0.958812 0 372 2 10 0 1 14.6263 4.7884 0.33256 33.9441
582 0.960195 0 373 3 8 0 1 14.8486 4.74453 0.494605 34.6804
583 0.961301 0 376 4 4 0 1 15.0584 4.79674 2.29715 35.2879
584 0.961854 0 376 4 4 0 1 15.062 4.70534 2.61162 35.6692
585 0.962407 0 377 4 4 0 1 15.4035 4.97648 2.56034 34.4135
586 0.96296 0 377 4 4 0 1 15.4521 4.95452 2.53476 33.3617
587 0.961025 0.00248898 376 4 4 1 1 15.5355 4.88437 2.51959 34.7577
588 0.961578 0.00248898 378 4 2 1 1 15.688 4.87357 2.5085 35.8307
589 0.961854 0.00248898 378 3 4 1 1 15.8111 4.74017 2.50626 35.2362
590 0.962407 0.00248898 378 3 4 1 1 15.8148 4.70654 2.50714 36.1794
591 0.96296 0.00248898 378 2 6 1 1 15.9525 4.45505 4.47051 34.6531
592 0.96379 0.00248898 378 1 8 1 1 15.8717 4.26817 3.05751 35.7161
593 0.964896 0.00248898 378 1 8 1 1 15.9095 4.20775 1.85531 36.3341
594 0.966003 0.00248898 380 0 8 1 1 16.1592 4.24044 1.38373 36.5362
595 0.96462 0.00497797 379 0 8 2 1 16.2473 4.31542 1.1701 36.5584
596 0.965726 0.00497797 379 0 8 2 1 16.3751 4.41741 1.29243 36.5957
597 0.966832 0.00248898 378 1 8 1 1 16.4838 4.45236 1.6608 36.1245
598 0.967938 0.00248898 380 1 6 1 1 16.6948 4.55798 2.10926 36.2639
599 0.968768 0.00248898 380 1 6 1 1 16.7729 4.52222 2.97654 36.2166
600 0.967109 0.00497797 380 2 4 2 1 16.8331 4.48656 3.94685 36.1794
601 0.967662 0.00497797 382 2 2 2 1 16.8959 4.57431 4.48919 36.1461
602 0.967938 0.00497797 381 3 2 2 1 16.8341 4.55285 5.39317 36.1076
603 0.968215 0.00497797 383 3 0 2 1 16.881 4.58192 4.73886 36.0769
604 0.968215 0.00497797 383 3 0 2 1 16.8698 4.57609 4.04961 36.095
605 0.968215 0.00248898 383 3 0 1 1 16.7954 4.5839 3.73703 36.2088
606 0.968215 0.00248898 383 2 2 1 1 16.9307 4.5515 2.33901 36.484
607 0.966003 0.00497797 382 2 2 2 1 17.0268 4.51887 3.51543 36.7655
608 0.966279 0.00497797 382 2 2 2 1 17.11 4.50718 3.50808 37.0611
609 0.966556 0.00497797 382 1 4 2 1 17.3679 4.6379 3.52268 37.3141
610 0.967109 0.00248898 382 1 4 1 1 17.4432 4.59355 3.5503 37.6111
611 0.967662 0.00248898 382 0 6 1 1 17.5636 4.67908 2.97089 37.5676
612 0.968492 0.00248898 382 0 6 1 1 17.6251 4.75271 1.83183 37.504
613 0.969321 0.00248898 382 0 6 1 1 17.7892 4.80526 0.999708 37.6309
614 0.970151 0.00248898 375 0 6 1 2 17.5419 4.7853 1.52694 41.9322
615 0.970981 0.00248898 377 0 4 1 2 17.5888 4.84357 1.62851 42.5573
616 0.971534 0.00248898 377 0 4 1 2 17.6904 4.83899 1.76008 42.5214
617 0.972087 0 377 0 4 0 2 17.6608 4.86348 1.92028 42.495
618 0.97264 0 379 0 2 0 2 17.7588 4.89025 2.12512 42.461
619 0.972916 0 375 0 2 0 3 17.5287 4.71888 2.2907 37.3062
620 0.973193 0 377 0 0 0 3 17.7004 4.94507 2.64904 40.5931
621 0.973193 0 377 0 0 0 3 17.7079 4.93592 2.71823 40.1019
622 0.965726 0 377 0 0 0 2 17.0092 4.81941 2.62482 39.5024
623 0.965726 0 376 1 0 0 2 16.6144 4.90565 2.6927 38.8307
624 0.965726 0 376 1 0 0 2 16.4083 4.89133 2.80525 38.2455
625 0.965726 0 376 1 0 0 2 16.3439 4.80044 2.89027 37.8924
626 0.965726 0 376 1 0 0 2 16.3102 4.70576 3.01051 37.6108
627 0.963237 0.00248898 375 1 0 1 2 16.2894 4.64974 3.13328 37.1731
628 0.963237 0.00248898 375 1 0 1 2 16.2768 4.60295 3.23184 36.3447
629 0.963237 0.00248898 375 1 0 1 2 16.2673 4.56904 3.31181 36.0555
630 0.963237 0.00248898 373 3 0 1 2 16.2588 4.54411 3.37672 36.1663
631 0.963237 0.00248898 373 3 0 1 2 16.2543 4.52677 3.42776 35.3514
632 0.963237 0.00248898 373 2 2 1 2 16.3069 4.52657 3.46649 35.26
633 0.963514 0.00248898 372 3 2 1 2 16.3319 4.55307 3.499 35.0385
634 0.96379 0.00248898 372 3 2 1 2 16.3482 4.53887 3.5266 34.8622
635 0.964067 0.00248898 372 3 2 1 2 16.3623 4.50299 3.55064 34.7285
636 0.964343 0.00248898 372 3 2 1 2 16.3999 4.52859 3.57472 34.6137
637 0.96462 0 372 3 2 0 2 16.3775 4.54588 3.59881 34.5123
638 0.964896 0 372 3 2 0 2 16.4295 4.5393 3.62203 34.1654
639 0.962684 0.00248898 371 1 6 1 2 16.5317 4.44708 3.82889 34.0622
640 0.963514 0.00248898 371 1 6 1 2 16.5762 4.45335 3.78895 34.6183
641 0.964343 0.00248898 373 1 4 1 2 16.7138 4.64023 3.70746 40.5758
642 0.964896 0.00248898 373 0 6 1 2 16.9061 4.59612 5.26414 40.2618
643 0.965726 0.00248898 373 0 6 1 2 17.0327 4.63594 4.32194 41.1182
644 0.966556 0.00248898 370 0 6 1 3 16.8374 4.57011 3.51161 38.8031
645 0.964896 0.00497797 365 0 6 2 4 16.4965 4.30646 1.8204 35.4578
646 0.965726 0.00497797 365 0 6 2 4 16.6105 4.3026 1.67003 35.3887
647 0.966556 0.00497797 365 0 6 2 4 16.7374 4.32508 1.54494 35.4081
648 0.967385 0.00497797 369 0 2 2 4 16.9967 4.56416 2.06585 36.4064
649 0.967662 0.00248898 369 0 2 1 4 16.9861 4.581 2.52904 36.4474
650 0.967938 0.00248898 369 0 2 1 4 17.0316 4.60906 3.71712 36.6068
651 0.968215 0.00248898 371 0 0 1 4 17.0899 4.64422 5.19123 36.7805
652 0.968215 0.00248898 371 0 0 1 4 17.0933 4.6389 5.11318 36.8341
653 0.968215 0.00248898 371 0 0 1 4 17.0937 4.63663 5.04039 36.8221
654 0.968215 0.00248898 371 0 0 1 4 17.0926 4.63597 4.9917 36.7925
655 0.968215 0 371 0 0 0 4 17.0199 4.63088 4.94425 36.7371
656 0.968215 0 371 0 0 0 4 17.0268 4.63577 4.89965 36.6528
657 0.950792 0 371 0 0 0 3 16.4364 4.37975 4.24463 35.0995
658 0.950792 0 371 0 0 0 3 16.1726 4.32152 4.31293 34.6921
659 0.948303 0.00248898 370 0 0 1 3 15.905 4.27117 2.28479 34.5591
660 0.948303 0.00248898 370 0 0 1 3 15.6143 4.27146 1.88819 34.4959
661 0.948303 0.00248898 370 0 0 1 3 15.3883 4.27837 3.17754 34.442
662 0.935858 0.00497797 369 0 0 2 2 14.4195 4.14466 2.14038 34.1607
663 0.933369 0.00746695 368 0 0 3 2 13.9906 4.13411 1.53622 33.862
664 0.933369 0.00746695 368 0 0 3 2 13.667 4.19615 1.142 33.7628
665 0.933369 0.00746695 368 0 0 3 2 13.4631 4.22705 1.05494 33.7192
666 0.933369 0.00746695 366 2 0 3 2 13.3033 4.24167 1.09982 33.6834
667 0.933369 0.00746695 365 3 0 3 2 13.1485 4.25738 1.17645 33.6504
668 0.93088 0.00995594 362 5 0 4 2 12.9875 4.26054 1.29943 33.6352
669 0.928391 0.00995594 361 5 0 4 2 12.7977 4.23415 1.48209 33.6191
670 0.928391 0.00995594 361 5 0 4 2 12.6875 4.18472 1.3679 33.5521
671 0.928391 0.00995594 361 5 0 4 2 12.6028 4.1424 1.43352 33.5142
672 0.928391 0.00746695 361 5 0 3 2 12.4876 4.09642 1.50681 33.5256
673 0.928391 0.00497797 360 6 0 2 2 12.316 4.05546 1.53687 33.6006
674 0.928391 0.00497797 360 6 0 2 2 12.2214 4.02466 1.54609 33.7048
675 0.928391 0.00497797 360 4 4 2 2 12.3251 4.03058 1.02745 34.0189
676 0.928944 0.00497797 360 3 6 2 2 12.3807 4.16541 1.03829 34.4488
677 0.929774 0.00497797 360 1 10 2 2 12.537 4.23046 1.0899 34.7779
678 0.931157 0.00248898 359 2 10 1 2 12.5785 4.24363 0.685259 34.847
679 0.930051 0.00248898 356 4 10 1 2 12.7564 4.25086 1.21179 34.8005
680 0.931433 0.00248898 356 4 10 1 2 12.978 4.3297 1.12757 34.7666
681 0.932816 0.00248898 355 5 10 1 2 13.2277 4.39696 1.37513 35.867
682 0.934199 0.00248898 355 4 12 1 2 13.5148 4.51863 1.35497 35.781
683 0.935858 0.00248898 355 4 12 1 2 13.7379 4.52511 1.29298 34.9948
684 0.937518 0.00248898 359 4 8 1 2 13.9782 4.58086 1.07902 35.0982
685 0.938624 0.00248898 360 5 6 1 2 14.0993 4.63629 1.24895 35.1057
686 0.939453 0.00248898 363 6 2 1 2 14.1039 4.69342 0.592521 35.0191
687 0.932263 0.00248898 362 6 4 1 1 13.7369 4.71633 0.304862 34.8559
688 0.92286 0.00248898 362 4 8 1 0 13.4013 4.47335 0.958359 34.6056
689 0.923966 0 362 4 8 0 0 13.0089 4.49839 0.919848 34.2566
690 0.925073 0 362 3 10 0 0 12.6926 4.54832 0.908896 33.9077
691 0.926455 0 363 4 8 0 0 12.4322 4.55765 0.745405 33.5531
692 0.927562 0 361 6 8 0 0 12.2111 4.44043 0.500957 33.1846
693 0.928668 0 361 6 8 0 0 12.0786 4.31332 0.432524 32.8454
694 0.929774 0 360 6 10 0 0 11.9786 4.19189 0.510083 32.5161
695 0.931157 0 360 5 12 0 0 11.8196 4.09972 0.744478 32.1242
696 0.932816 0 362 4 12 0 0 11.6556 4.06603 0.975866 31.7245
697 0.934475 0 365 5 8 0 0 11.7874 4.15653 1.23437 31.4923
698 0.935582 0 365 5 8 0 0 11.7851 4.06842 1.32686 31.2937
699 0.936688 0 367 5 6 0 0 11.7825 3.99105 1.70052 31.0197
700 0.937518 0 367 4 8 0 0 11.8411 3.94408 1.94386 30.8549
701 0.938624 0 367 2 12 0 0 12.1263 4.09287 1.87939 31.5408
702 0.940283 0 364 5 12 0 0 12.3224 4.18509 0.946155 31.4664
703 0.941942 0 364 6 12 0 0 12.5421 4.13388 2.09399 31.4945
704 0.941113 0.00248898 365 6 10 1 0 12.7394 4.11513 2.11103 31.7125
705 0.942495 0.00248898 367 6 8 1 0 12.8288 3.96958 2.14815 31.9964
706 0.943602 0.00248898 367 5 10 1 0 12.9649 3.98237 2.21228 32.0629
707 0.944984 0.00248898 366 6 10 1 0 13.0668 4.03012 2.23423 32.1306
708 0.946367 0.00248898 366 6 10 1 0 13.2107 4.07935 1.21124 32.3252
709 0.94775 0.00248898 367 7 8 1 0 13.4202 4.071 0.816254 33.1114
710 0.948856 0.00248898 371 7 4 1 0 13.6977 4.21867 1.98042 34.0357
711 0.949409 0.00248898 371 4 10 1 0 14.0758 4.14866 2.7366 34.9067
712 0.950792 0.00248898 373 2 12 1 0 14.3994 4.01617 2.71068 35.6548
713 0.952451 0.00248898 373 2 12 1 0 14.6712 4.07425 2.55666 36.2501
714 0.954111 0 373 2 12 0 0 14.8939 4.22816 2.47953 36.6251
715 0.95577 0 375 2 10 0 0 15.2323 4.3296 2.48691 36.8872
716 0.957153 0 374 2 12 0 0 15.5503 4.34973 2.67912 38.2655
717 0.958812 0 374 2 12 0 0 15.8854 4.3814 2.64788 38.5045
718 0.960471 0 374 1 14 0 0 16.3411 4.43556 2.67446 38.7062
719 0.962407 0 374 1 14 0 0 16.7294 4.61366 1.75936 38.8911
720 0.964343 0 380 1 8 0 0 17.3394 5.28061 1.67606 49.1673
721 0.965449 0 384 1 4 0 0 17.6156 5.36525 1.50877 44.6904
722 0.966003 0 384 1 4 0 0 17.606 5.30503 0.413254 40.0976
723 0.966556 0 382 3 4 0 0 17.5391 5.28945 1.37045 40.3509
724 0.967109 0 377 3 4 0 1 16.8062 4.83651 1.85944 37.6658
725 0.967662 0 379 2 4 0 1 16.974 4.9091 2.64231 39.4995
726 0.968215 0 379 2 4 0 1 16.8554 4.85068 3.47797 40.9245
727 0.968768 0 381 2 2 0 1 16.9565 4.92238 3.84197 41.9701
728 0.969045 0 381 2 2 0 1 16.9904 4.88921 3.91376 41.3861
729 0.969321 0 381 2 2 0 1 17.004 4.86883 3.95927 40.8133
730 0.969598 0 381 2 2 0 1 16.987 4.84205 3.99066 40.3184
731 0.969874 0 381 2 2 0 1 16.9707 4.83145 4.01185 39.923
732 0.970151 0 381 0 6 0 1 17.224 4.88531 4.09177 39.4241
733 0.970981 0 381 0 6 0 1 17.3681 4.91116 4.13581 39.3119
734 0.97181 0 383 0 4 0 1 17.5781 5.0546 4.16055 40.353
735 0.972363 0 381 0 4 0 2 17.3305 5.05943 4.41403 40.6782
736 0.972916 0 381 0 4 0 2 17.3529 5.01556 4.39194 41.2211
737 0.97347 0 381 0 4 0 2 17.3597 4.9522 4.62795 41.5189
738 0.974023 0 381 0 4 0 2 17.3444 4.91222 5.25375 41.8405
739 0.974576 0 381 0 4 0 2 17.3596 4.87249 5.88545 41.7781
740 0.962684 0 376 0 4 0 2 15.0613 4.63463 1.14378 37.1783
741 0.963237 0 380 0 0 0 2 15.1063 4.65018 0.972988 38.0312
742 0.960748 0.00248898 379 0 0 1 2 15.0983 4.63652 0.864047 37.7507
743 0.960748 0.00248898 379 0 0 1 2 15.0942 4.62821 0.761013 37.7202
744 0.960748 0.00248898 378 1 0 1 2 15.0889 4.62594 0.656828 37.8381
745 0.960748 0.00248898 378 1 0 1 2 15.0829 4.62655 0.527645 37.9828
746 0.960748 0.00248898 378 1 0 1 2 15.0789 4.62318 0.422257 37.23
747 0.960748 0.00248898 378 1 0 1 2 15.0745 4.62432 0.312612 37.0317
748 0.960748 0.00248898 378 1 0 1 2 15.0691 4.62586 0.203248 37.0809
749 0.960748 0.00248898 377 2 0 1 2 15.0637 4.62724 0.0913727 36.9123
750 0.960748 0.00248898 377 2 0 1 2 15.0573 4.6265 0.0828546 36.7741
751 0.960748 0.00248898 377 2 0 1 2 15.049 4.61936 0.0917527 37.1206
752 0.960748 0 377 2 0 0 2 14.6396 4.56267 1.56101 36.9433
753 0.960748 0 377 1 2 0 2 14.5869 4.54749 1.09874 36.858
754 0.961025 0 375 3 2 0 2 14.591 4.50009 4.13611 36.7525
755 0.961301 0 375 3 2 0 2 14.6258 4.47808 4.11534 36.6362
756 0.961578 0 374 4 2 0 2 14.6614 4.46516 4.09171 36.5278
757 0.961854 0 374 4 2 0 2 14.7158 4.42672 4.06624 36.4398
758 0.962131 0 374 3 4 0 2 14.7852 4.44244 4.0414 36.3975
759 0.962684 0 374 3 4 0 2 14.8559 4.49583 4.02085 36.417
760 0.963237 0 374 3 4 0 2 14.8484 4.57717 3.47861 36.426
761 0.96379 0 374 3 4 0 2 14.7618 4.6398 1.90093 36.4365
762 0.964343 0 376 3 2 0 2 14.8221 4.59662 0.941131 36.4351
763 0.96462 0 376 1 6 0 2 15.1908 4.72667 2.8361 36.3058
764 0.965449 0 376 1 6 0 2 15.3984 4.6789 3.50847 36.3537
765 0.966279 0 375 1 8 0 2 15.8012 4.72247 3.57123 36.5897
766 0.967385 0 375 1 8 0 2 16.1814 4.9678 3.69611 36.8195
767 0.956047 0 377 1 6 0 1 15.7186 4.93788 3.66701 37.9932
768 0.956876 0 377 1 6 0 1 15.5556 5.21324 1.56741 41.6762
769 0.957706 0 377 1 6 0 1 15.5159 5.42252 1.33324 44.8394
770 0.958536 0 377 1 6 0 1 15.5908 5.53301 0.641518 47.3153
771 0.959365 0 373 1 6 0 2 14.5058 4.50067 1.60976 33.7395
772 0.957706 0.00248898 376 1 2 1 2 14.6802 4.52676 1.61678 33.7742
773 0.957983 0.00248898 376 1 2 1 2 14.7373 4.55429 1.64808 33.8515
774 0.958259 0.00248898 378 0 2 1 2 14.8684 4.62141 1.22121 33.9447
775 0.958536 0.00248898 377 1 2 1 2 14.8734 4.53163 2.02265 34.0254
776 0.958812 0.00248898 377 1 2 1 2 14.8903 4.51423 1.94652 34.0881
777 0.959089 0.00248898 377 1 2 1 2 14.9215 4.51913 1.87374 34.1593
778 0.954387 0.00248898 376 2 2 1 1 14.6885 4.54277 1.21422 34.1413
779 0.954664 0.00248898 376 2 2 1 1 14.5998 4.53847 1.72957 33.9196
780 0.95494 0.00248898 376 2 2 1 1 14.5462 4.56118 1.65886 33.629
781 0.955217 0.00248898 376 2 2 1 1 14.5156 4.60909 1.58885 33.3611
782 0.955494 0 376 2 2 0 1 14.4315 4.68236 1.50826 32.3676
783 0.95577 0 376 4 0 0 1 14.5046 4.80715 1.72079 33.9196
784 0.95577 0 376 3 2 0 1 14.5137 4.66805 1.82069 32.5526
785 0.953558 0.00248898 375 3 2 1 1 14.5109 4.59978 1.84215 32.6344
786 0.953834 0.00248898 375 3 2 1 1 14.5065 4.57883 1.66896 32.687
787 0.954111 0.00248898 375 2 4 1 1 14.5518 4.53342 1.46993 32.7183
788 0.954664 0.00248898 375 2 4 1 1 14.5755 4.54293 1.34061 32.8132
789 0.955217 0.00248898 375 2 4 1 1 14.6195 4.54384 1.39234 32.7656
790 0.95577 0.00248898 375 2 4 1 1 14.674 4.55308 1.51007 32.7805
791 0.956323 0.00248898 375 2 4 1 1 14.7218 4.54417 1.5956 32.7876
792 0.956876 0.00248898 374 1 8 1 1 14.7319 4.41694 1.47195 32.8131
793 0.957983 0.00248898 375 2 6 1 1 14.7783 4.41472 1.51131 32.8293
794 0.958812 0.00248898 374 3 6 1 1 14.7999 4.37366 1.55126 32.8232
795 0.957153 0.00248898 373 3 6 1 1 14.8457 4.31877 1.45627 32.8078
796 0.957983 0.00248898 375 3 4 1 1 14.951 4.33279 1.28177 32.7819
797 0.958536 0.00248898 375 3 4 1 1 15.0185 4.33659 1.33895 32.7926
798 0.959089 0.00248898 374 4 4 1 1 15.1006 4.35953 1.53983 32.8527
799 0.959642 0.00248898 374 4 4 1 1 15.213 4.40273 1.654 32.959
800 0.960195 0.00248898 374 4 4 1 1 15.3347 4.44337 1.73296 33.1072
