0 0.0174229 0 6 1 0 0 0 0.00103892 0.00119965 0 0.00242468
1 0.0174229 0 5 2 0 0 0 0.000128899 0.00014884 0 0.000300947
2 0.0174229 0 5 2 0 0 0 0.000122054 0.000140936 0 0.000284962
3 0.0174229 0 5 2 0 0 0 0.000115746 0.000133652 0 0.000270228
4 0.0174229 0 2 5 0 0 0 0.000109917 0.000126922 0 0.000256431
5 0.0174229 0 2 5 0 0 0 0.000104522 0.000120692 0 0.000243845
6 0.0174229 0 2 5 0 0 0 9.95176e-05 0.000114913 0 0.000232171
7 0.0174229 0 2 5 0 0 0 9.48667e-05 0.000109543 0 0.000221322
8 0.0174229 0 2 5 0 0 0 9.05369e-05 0.000104543 0 0.000211221
9 0.0174229 0 2 4 2 0 0 6.45141e-05 9.12367e-05 0 0.000193481
10 0.0176994 0 2 3 4 0 0 7.38985e-05 9.05068e-05 0 0.00018469
11 0.0182526 0 2 3 4 0 0 7.04118e-05 8.62365e-05 0 0.000175977
12 0.0188057 0 2 3 4 0 0 6.71248e-05 8.22108e-05 0 0.000167763
13 0.0193588 0 2 0 10 0 0 8.038e-05 8.038e-05 0 0.00016076
14 0.0207415 0 2 0 10 0 0 7.71265e-05 7.71265e-05 0 0.000154253
15 0.0221243 0 1 1 10 0 0 7.3668e-05 7.3668e-05 0 0
16 0.0235071 0 1 1 10 0 0 7.07274e-05 7.07274e-05 0 0
17 0.0248898 0 1 1 10 0 0 6.78831e-05 6.78831e-05 0 0
18 0.0262726 0 3 1 8 0 0 0.0745842 0.0951871 0 0.232859
19 0.0273788 0 5 1 6 0 0 0.0222161 0.0300205 0 0.0869518
20 0.0282085 0 5 1 6 0 0 0.0100303 0.0164526 0 0.0456459
21 0.0290382 0 4 2 6 0 0 0.00575284 0.00991215 0.000164783 0.0272233
22 0.0298678 0 9 3 0 0 0 0.0539897 0.0698455 2.48189e-05 0.201054
23 0.0298678 0 8 4 0 0 0 0.0205185 0.0261423 2.73447e-06 0.0760719
24 0.0298678 0 8 3 2 0 0 0.0120413 0.0139221 7.46365e-08 0.0400687
25 0.0301444 0 6 5 2 0 0 0.00564669 0.00630215 7.91665e-09 0.0180558
26 0.0304209 0 6 5 2 0 0 0.00352488 0.00385708 1.4259e-09 0.0109458
27 0.0306975 0 6 5 2 0 0 0.00230943 0.00249293 7.95809e-11 0.00699018
28 0.030974 0 5 6 2 0 0 0.00182593 0.00196006 8.1854e-12 0.00545318
29 0.0312506 0 4 7 2 0 0 0.00149485 0.00159863 1.0199e-12 0.00441559
30 0.0315271 0 3 7 4 0 0 0.00139711 0.00135709 1.52757e-13 0.00371923
31 0.0320802 0 3 6 6 0 0 0.00176674 0.00201529 2.6404e-14 0.00320119
32 0.0329099 0 1 7 8 0 0 0.0162276 0.0376652 0.00274184 0.00274184
33 0.0340161 0 2 8 6 0 0 0.0296827 0.0495985 0.0272924 0.138168
34 0.0348458 0 1 7 10 0 0 0.0355611 0.0368015 0.00778227 0.00778227
35 0.0362286 0 1 7 10 0 0 0.0326893 0.0382633 0.00366723 0.00366723
36 0.0376113 0 1 7 10 0 0 0.0325381 0.0404694 0.00214723 0.00214723
37 0.0389941 0 1 6 12 0 0 0.0353466 0.0431855 0.00139655 0.00139655
38 0.0406534 0 0 6 14 0 0 0.024266 0.0384834 inf -100
39 0.0425893 0 2 5 14 0 0 0.00886057 0.00866611 0.0141599 0.0141599
40 0.0445252 0 4 5 12 0 0 0.00946009 0.0109754 0.00205541 0.0267514
41 0.0461845 0 6 3 14 0 0 0.120355 0.24627 0.000383074 0.798543
42 0.0481204 0 6 2 16 0 0 0.0681567 0.137352 6.68346e-05 0.422897
43 0.0478438 0.00248898 9 1 14 1 0 0.0880426 0.101405 1.25799e-05 0.309856
44 0.0497797 0.00248898 7 3 14 1 0 0.0690036 0.0784509 2.1851e-06 0.131686
45 0.0517156 0.00248898 6 4 14 1 0 0.0790829 0.0789414 3.82344e-07 0.12453
46 0.0536514 0.00248898 8 4 12 1 0 0.147043 0.188134 6.65939e-08 0.715366
47 0.0553108 0.00248898 9 4 12 1 0 0.179542 0.218125 1.28779e-08 0.821731
48 0.0569701 0.00248898 10 5 10 1 0 0.133715 0.125619 2.65662e-09 0.420017
49 0.0583529 0.00248898 9 6 10 1 0 0.0788385 0.0701482 0.00105276 0.243781
50 0.0597356 0.00248898 12 7 6 1 0 0.0764932 0.101388 0.00152903 0.456109
51 0.0605653 0.00248898 12 9 4 1 0 0.0911607 0.151195 0.000425136 0.672905
52 0.0611184 0.00248898 10 13 2 1 0 0.0747582 0.0964205 0.00010212 0.313001
53 0.061395 0 9 12 6 0 0 0.0607056 0.0630647 1.98213e-05 0.201041
54 0.0622246 0 7 13 8 0 0 0.0463787 0.0475575 3.97278e-06 0.176383
55 0.0633308 0 6 14 8 0 0 0.0508847 0.0577908 8.04228e-07 0.188249
56 0.064437 0 8 13 8 0 0 0.0650334 0.0738491 1.5408e-07 0.180082
57 0.0655433 0 8 12 10 0 0 0.0539983 0.0691814 0.0131772 0.0620209
58 0.066926 0 6 13 12 0 0 0.0510737 0.0761843 0.0102168 0.0316401
59 0.0685854 0 5 13 14 0 0 0.0623543 0.111765 0.00560133 0.0342631
60 0.0705212 0 4 12 18 0 0 0.0926965 0.208196 0.00318211 0.807386
61 0.0730102 0 4 8 26 0 0 0.262545 0.571978 0.00188778 0.414823
62 0.0766054 0 8 7 24 0 0 0.460584 0.704858 0.00114523 2.41394
63 0.0799241 0 9 6 26 0 0 0.41165 0.551379 0.000707944 1.60873
64 0.0835193 0 8 6 28 0 0 0.425055 0.448582 0.0377232 1.38218
65 0.087391 0 9 7 26 0 0 0.320395 0.368667 0.0195783 1.11687
66 0.0909862 0 10 8 24 0 0 0.288014 0.316698 0.0278183 1.03345
67 0.0943049 0 12 6 26 0 0 0.296566 0.372845 0.00660092 1.0334
68 0.0979001 0 14 5 26 0 0 0.37023 0.470422 0.00218017 1.48445
69 0.101495 0 14 8 24 0 0 0.450283 0.555287 0.000440378 1.77833
70 0.104814 0 21 9 16 0 0 0.375888 0.50183 8.71452e-05 1.76325
71 0.107026 0 20 12 14 0 0 0.31817 0.41522 1.89082e-05 1.54012
72 0.108962 0 23 12 12 0 0 0.230979 0.261594 3.91021e-06 1.07453
73 0.110622 0 21 15 12 0 0 0.210265 0.230851 0.00848554 0.922935
74 0.112281 0 18 17 14 0 0 0.200786 0.229716 0.0121518 0.775653
75 0.114217 0 16 18 16 0 0 0.212851 0.221299 0.00824631 0.708876
76 0.116429 0 19 19 12 0 0 0.236235 0.246111 0.00677277 0.976009
77 0.118088 0 19 21 10 0 0 0.176602 0.183636 0.00612485 0.637008
78 0.119471 0 20 18 16 0 0 0.240219 0.316405 0.00359785 0.882438
79 0.121684 0 19 18 18 0 0 0.226594 0.320695 0.00750768 0.904623
80 0.124173 0 17 17 24 0 0 0.259466 0.444668 0.00525736 1.65233
81 0.127491 0 19 16 24 0 0 0.361922 0.591661 0.00807102 1.9245
82 0.13081 0 20 13 30 0 0 0.432892 0.662449 0.00623584 2.10415
83 0.134958 0 20 12 34 0 0 0.339162 0.491493 0.0140943 1.67437
84 0.13966 0 21 11 36 0 0 0.269604 0.379681 0.0120474 1.36138
85 0.144638 0 20 11 38 0 0 0.330618 0.475978 0.0120858 1.67794
86 0.149892 0 17 12 42 0 0 0.407276 0.599435 0.0136507 1.46017
87 0.1557 0 23 13 36 0 0 0.791871 1.0256 0.0152728 3.54647
88 0.160678 0 24 13 36 0 0 0.560128 0.687923 0.0140787 2.57449
89 0.165656 0 27 14 34 0 0 0.525096 0.570711 0.0193623 2.0954
90 0.170357 0 26 17 32 0 0 0.538389 0.660997 0.0207041 2.96836
91 0.174782 0 31 19 26 0 0 0.518732 0.68641 0.00473976 2.97623
92 0.178377 0 30 24 24 0 0 0.508691 0.590343 0.0010358 2.32499
93 0.181696 0 29 28 22 0 0 0.446391 0.547209 0.000178516 2.31833
94 0.184738 0 29 29 22 0 0 0.434171 0.562199 0.000194535 2.30519
95 0.18778 0 29 30 24 0 0 0.437535 0.605926 0.000112 2.4655
96 0.191099 0 28 31 26 0 0 0.510303 0.869746 5.65305e-05 4.55141
97 0.194694 0 28 32 26 0 0 0.369402 0.576302 2.7878e-05 2.5668
98 0.198289 0 29 32 28 0 0 0.416975 0.571044 1.30496e-05 2.23591
99 0.202161 0 27 31 34 0 0 0.5141 0.863366 6.04941e-06 3.08092
100 0.206862 0 26 31 38 0 0 0.610082 0.822931 2.82067e-06 3.59716
101 0.212117 0 27 27 48 0 0 0.852536 1.13009 0.00966406 4.37925
102 0.218754 0 25 26 56 0 0 0.848928 1.16339 0.00302608 4.82093
103 0.226498 0 24 27 58 0 0 1.08412 1.65953 0.00739187 6.06362
104 0.234518 0 24 29 60 0 0 1.28053 2.01895 0.0101575 7.44343
105 0.242814 0 26 28 62 0 0 1.29005 1.95761 0.0398308 7.05845
106 0.251387 0 27 27 64 0 0 1.4062 2.22339 0.0766057 9.09832
107 0.260237 0 32 25 64 0 0 1.67438 2.38721 0.0198755 11.0942
108 0.269087 0 36 25 62 0 0 1.78623 2.35294 0.0215419 10.7707
109 0.27766 0 36 28 62 0 0 1.76444 2.26239 0.0306712 9.70706
110 0.286233 0 49 26 54 0 0 1.70648 2.05496 0.00174805 8.12539
111 0.2937 0 50 31 52 0 0 1.78942 2.33475 0.00837199 11.7498
112 0.298402 0.00248898 48 33 54 1 0 1.68668 2.19769 0.0168891 8.84458
113 0.305869 0.00248898 50 33 58 1 0 1.80108 1.8735 0.0278033 7.62063
114 0.313889 0.00248898 51 36 56 1 0 1.60577 1.70259 0.0136031 6.34144
115 0.321632 0.00248898 49 41 54 1 0 1.41761 1.45954 0.00330329 6.3886
116 0.329099 0.00248898 50 45 50 1 0 1.33222 1.35198 0.00315842 6.44199
117 0.336013 0.00248898 52 45 50 1 0 1.38326 1.69551 0.00197588 8.3515
118 0.342927 0.00248898 56 41 56 1 0 1.45976 1.95217 0.00139241 9.1141
119 0.35067 0.00248898 59 43 52 1 0 1.58875 2.41739 0.00106782 12.3389
120 0.357861 0.00248898 59 42 62 1 0 1.48913 2.00504 0.00086839 9.78994
121 0.366434 0.00248898 59 43 66 1 0 1.61758 2.09983 0.000715471 9.40817
122 0.37556 0 65 43 66 0 0 1.7349 2.02291 0.000602279 9.3459
123 0.384686 0 60 47 72 0 0 1.73185 1.97557 0.000369421 10.4844
124 0.394642 0 59 44 82 0 0 1.81231 1.95602 0.000879736 10.0723
125 0.405981 0 55 45 90 0 0 1.96126 2.15229 0.00168178 8.42105
126 0.418426 0 54 48 90 0 0 2.21774 2.45959 0.00239993 11.0727
127 0.430871 0 62 50 82 0 0 2.68379 3.00462 0.00311456 11.5753
128 0.44221 0 60 51 86 0 0 2.57267 2.91401 0.00764564 9.68433
129 0.454101 0 72 49 84 0 0 2.61372 2.4134 0.030191 11.0679
130 0.465717 0 76 49 86 0 0 3.00309 3.26588 0.0404985 15.1616
131 0.477608 0 85 46 86 0 0 3.28094 3.56117 0.040982 13.7457
132 0.4895 0 85 47 94 0 0 3.60147 3.89007 0.0425124 16.0222
133 0.502498 0 91 50 88 0 0 2.87148 2.97223 0.0157808 13.104
134 0.514667 0 91 54 90 0 0 3.02179 3.2296 0.0151865 11.2303
135 0.527112 0 92 52 96 0 0 3.21222 3.65097 0.00888292 16.6434
136 0.540386 0 86 58 100 0 0 3.30737 3.58813 0.0069789 14.7087
137 0.554214 0 79 67 102 0 0 3.44717 3.56784 0.0149342 15.909
138 0.568318 0 86 70 98 0 0 3.49313 3.52796 0.00858472 15.6559
139 0.581869 0 95 67 98 0 0 3.39302 3.29468 0.00430138 14.4169
140 0.59542 0 103 68 92 0 0 3.80553 3.51238 0.00155915 17.2853
141 0.608142 0 110 69 94 0 0 4.28845 3.90127 0.000603563 20.1766
142 0.62114 0 103 76 100 0 0 4.70569 3.85805 0.00211557 20.2916
143 0.634968 0 110 71 108 0 0 5.4705 4.49426 0.00423804 19.4761
144 0.649902 0 108 80 104 0 0 6.01575 4.53514 0.00265623 19.6536
145 0.664282 0 108 78 116 0 0 6.96673 5.3261 0.0067324 25.3097
146 0.680322 0 111 70 134 0 0 7.64061 6.22711 0.0115042 32.9003
147 0.698852 0 112 72 140 0 0 8.64742 7.78382 0.0169173 52.2336
148 0.71821 0 109 84 134 0 0 9.87639 8.38452 0.046695 51.2302
149 0.736739 0 106 89 136 0 0 10.6216 7.92706 0.0897181 40.1172
150 0.755545 0 116 88 138 0 0 11.322 8.37137 0.228534 40.7571
151 0.772138 0.00248898 116 86 152 1 0 13.0642 8.979 0.210985 44.3059
152 0.793156 0.00248898 122 95 142 1 0 14.5042 9.08706 0.259469 41.7591
153 0.810303 0.00497797 117 93 160 2 0 16.1893 9.73297 0.0217577 42.8556
154 0.832427 0.00497797 127 95 156 2 0 19.6195 10.4167 0.0394321 45.4589
155 0.853998 0.00497797 141 102 140 2 0 22.6805 11.7019 0.0426016 62.8762
156 0.873357 0.00497797 148 102 144 2 0 26.2779 13.5419 0.0268433 69.9533
157 0.893269 0.00497797 143 98 168 2 0 29.4375 15.0764 0.570453 82.9346
158 0.916499 0.00497797 141 99 178 2 0 33.0645 15.7513 0.0829245 86.163
159 0.941113 0.00497797 152 100 176 2 0 36.6461 17.3204 1.20775 77.1987
160 0.965449 0.00497797 168 99 172 2 0 42.2095 18.7693 1.8832 91.1839
161 0.989233 0.00248898 164 99 190 1 0 46.0086 20.2812 1.72839 93.0958
162 0.997555 0.00244499 177 96 186 1 1 34.9419 12.5243 0.444268 68.3271
163 1 0 175 104 190 0 1 41.1989 13.0539 1.92516 83.565
164 1 0 171 107 202 0 1 49.0842 14.3289 2.10165 90.2346
165 1 0 176 113 202 0 1 57.2831 15.6213 16.1874 100.021
166 1 0 190 114 194 0 2 64.8281 15.6153 19.7063 110.729
167 1 0 195 119 192 0 2 73.7118 17.4109 21.4402 126.046
168 1 0 194 117 193 0 5 80.8466 18.5573 28.5924 119.569
169 1 0 175 116 189 0 12 79.771 17.4698 27.7856 140.545
170 1 0 164 105 183 0 19 75.2957 17.9767 25.4853 126.123
171 1 0 154 98 179 0 24 81.3196 17.5095 39.0263 130.067
172 1 0 142 87 179 0 33 79.8906 18.898 38.565 135.703
173 1 0 142 82 176 0 38 86.0583 20.283 43.1785 142.454
174 1 0 143 83 176 0 39 87.31 20.5817 28.9376 146.947
175 1 0 117 79 172 0 48 85.6557 19.9822 30.4554 138.9
176 1 0 109 74 164 0 51 82.2751 19.8011 36.1422 152.767
177 1 0 103 67 146 0 60 75.802 17.3797 32.5836 119.656
178 1 0 104 65 141 0 63 81.3007 17.5887 29.666 133.792
179 1 0 108 73 118 0 65 84.6817 18.782 34.2458 148.267
180 1 0 106 68 122 0 68 83.9393 19.0162 39.169 155.58
181 1 0 106 68 108 0 69 77.3531 17.2377 38.4349 130.585
182 1 0 114 69 101 0 69 80.5146 18.0205 32.0986 133.024
183 1 0 123 72 92 0 69 81.219 19.7418 24.4169 134.06
184 1 0 120 71 101 0 71 82.6845 19.0257 28.7054 144.26
185 1 0 110 66 106 0 73 80.9082 18.2606 37.6483 119.706
186 1 0 96 68 108 0 77 83.9607 19.1692 36.298 131.787
187 1 0 93 71 105 0 76 79.5252 19.0793 36.619 127.134
188 1 0 80 71 123 0 76 82.3613 19.4683 26.6317 126.247
189 1 0 88 66 114 0 79 84.0195 21.68 40.9482 133.234
190 1 0 81 63 122 0 81 84.06 19.8365 42.6743 132.747
191 1 0 79 64 120 0 84 93.5613 20.5788 47.7195 144.148
192 1 0 80 59 122 0 88 97.1123 20.0442 45.6426 146.638
193 1 0 84 49 117 0 96 94.6609 21.5243 49.5037 144.386
194 1 0 83 46 110 0 99 91.4883 22.9361 41.1993 156.565
195 1 0 72 33 113 0 108 89.5794 21.4457 35.6549 156.158
196 1 0 74 33 110 0 108 91.9811 20.0332 43.1524 157.827
197 1 0 80 33 101 0 111 96.0749 20.3702 44.4238 146.282
198 1 0 76 35 91 0 114 86.2028 20.5777 33.9613 131.761
199 1 0 76 36 87 0 115 88.1726 19.3174 48.1641 130.98
200 1 0 69 35 87 0 119 84.063 18.4502 42.6505 122.881
201 1 0 72 40 73 0 120 82.4067 19.2092 39.6318 125.681
202 1 0 77 41 63 0 122 82.1997 19.0009 40.9168 126.605
203 1 0 72 45 63 0 121 76.1454 17.0276 35.0008 118.908
204 1 0 81 46 53 0 121 80.3702 19.4747 31.6919 129.031
205 1 0 69 52 53 0 124 79.7935 18.768 24.9627 124.87
206 1 0 72 47 56 0 125 81.5367 17.9532 18.8864 146.493
207 1 0 69 46 63 0 126 84.1958 18.2119 39.7487 153.032
208 1 0 55 44 62 0 131 78.16 17.6182 49.1686 142.76
209 1 0 54 49 61 0 131 81.1669 18.176 53.6289 145.873
210 1 0 45 52 66 0 132 83.9488 19.8612 52.3271 135.963
211 1 0 45 51 65 0 132 79.6379 16.5008 46.2004 124.341
212 1 0 48 47 74 0 125 72.7082 17.9054 35.932 109.82
213 1 0 51 44 77 0 119 57.7582 17.659 16.4655 97.3034
214 1 0 52 43 81 0 117 47.1963 16.2544 17.2934 78.012
215 1 0 61 45 71 0 113 45.2389 15.8845 9.62347 96.861
216 0.997645 0.00235479 63 46 72 1 108 39.7731 14.3621 13.3191 83.099
217 0.997645 0.00235479 64 44 79 1 106 39.3188 13.1126 9.92305 73.9137
218 0.997543 0.00245667 61 46 88 1 100 35.5963 13.7431 6.27946 79.5415
219 0.997537 0.00246339 67 40 96 1 98 33.2227 14.0779 7.39901 86.1281
220 0.98384 0.00248898 70 39 100 1 92 28.0713 11.4142 4.62718 55.9046
221 0.99269 0.00248898 77 44 92 1 91 29.0088 11.1849 9.76804 53.1499
222 0.990478 0.00248898 79 48 87 1 90 29.5518 10.7916 10.1203 65.9744
223 0.980107 0.00248898 83 49 86 1 87 27.2637 11.2763 7.32474 70.8675
224 0.969598 0.00248898 79 52 90 1 84 25.1087 11.4447 0.971719 49.394
225 0.974576 0.00248898 85 50 92 1 83 23.985 11.9145 0.677501 55.3244
226 0.987297 0 89 54 88 0 83 25.2461 12.7913 1.27985 51.0681
227 0.98951 0 96 53 92 0 81 26.7821 13.1876 5.35029 65.5768
228 0.969874 0 106 57 80 0 77 27.0074 13.1214 5.78239 59.0335
229 0.956047 0 108 62 78 0 73 24.7484 13.4061 0.895542 54.0089
230 0.959365 0 100 69 88 0 72 24.564 12.5762 0.861799 57.8113
231 0.961578 0 98 68 96 0 71 23.6301 11.666 0.59733 53.1321
232 0.944984 0 98 71 98 0 67 22.4275 10.8585 0.826679 48.816
233 0.941113 0 96 73 104 0 64 21.7212 10.6182 3.25155 44.0117
234 0.938071 0 100 77 100 0 61 21.7211 10.7903 1.3443 53.5038
235 0.936964 0 98 79 108 0 58 20.0826 10.0496 0.961475 46.6063
236 0.914564 0 110 78 106 0 50 17.7873 8.60719 0.685875 44.057
237 0.914287 0 98 88 114 0 47 17.7138 8.86807 0.850816 53.1649
238 0.887738 0 99 87 124 0 39 16.8176 8.60493 1.47026 54.0181
239 0.904884 0 107 81 138 0 39 17.2119 8.72541 1.0078 51.9441
240 0.909032 0 106 88 136 0 36 16.5386 7.7302 0.82997 39.6277
241 0.905437 0 105 91 142 0 31 16.7539 8.10999 3.22817 41.2888
242 0.912628 0 109 91 146 0 29 16.403 7.42274 4.47157 43.5299
243 0.910415 0 108 92 154 0 24 16.2205 7.0655 3.53127 42.3348
244 0.914287 0 115 91 158 0 21 16.1332 7.54147 2.62456 36.7557
245 0.92369 0 126 90 156 0 18 16.627 7.69379 2.78152 32.7711
246 0.932816 0.00248898 123 88 176 1 16 18.5509 7.73269 0.89777 38.292
247 0.952175 0.00248898 137 85 174 1 15 21.4542 8.65216 1.67708 37.8245
248 0.956323 0.00248898 160 84 162 1 12 24.3827 9.06326 1.09388 42.9945
249 0.966279 0.00248898 160 81 176 1 10 26.991 9.77007 3.76882 49.4828
250 0.988127 0.00248898 160 86 182 1 9 30.699 10.4392 3.75773 57.0325
251 0.980936 0.00248898 166 88 182 1 3 31.7944 12.9828 3.64748 67.5661
252 0.997532 0.00246778 167 94 184 1 3 35.7621 12.7357 3.95232 72.2711
253 0.99757 0.00243046 174 98 182 1 2 38.8382 14.2344 7.01422 81.0543
254 0.997599 0.00240064 175 106 180 1 0 41.5994 15.8971 3.45465 88.3913
255 0.997656 0.00234436 193 106 176 1 0 48.0925 16.4818 11.2754 98.1964
256 1 0 187 120 169 0 1 51.3054 12.3862 5.07959 83.478
257 1 0 194 124 167 0 1 58.3282 14.2021 11.8975 102.601
258 1 0 200 126 161 0 2 66.6733 15.4536 20.261 102.509
259 1 0 201 124 170 0 4 73.3578 17.5386 28.1566 121.092
260 1 0 184 116 170 0 8 69.6613 16.7171 19.181 129.902
261 1 0 186 122 171 0 8 77.324 16.9463 34.4259 136.906
262 1 0 175 129 175 0 11 83.1329 17.8908 35.3564 119.906
263 0.997912 0.00208841 154 116 185 1 17 82.5501 18.4783 32.2648 134.368
264 0.997946 0.00205433 140 105 174 1 26 87.4654 18.3793 32.6712 139.37
265 0.997966 0.00203436 128 92 190 1 32 88.3389 18.7932 48.5992 132.602
266 0.997985 0.00201523 126 91 185 1 34 90.9081 19.1865 39.0776 155.786
267 0.99799 0.00200983 126 93 182 1 34 93.1606 19.2792 51.1834 155.735
268 0.997991 0.00200938 125 78 174 1 41 92.5402 18.1043 52.0154 134.286
269 0.998012 0.00198763 108 77 173 1 49 95.514 19.5597 44.5073 160.305
270 0.998001 0.00199889 96 70 165 1 58 90.4153 21.5413 38.4292 144.831
271 0.998 0.00199956 103 54 163 1 63 90.098 18.9889 48.8736 141.834
272 0.998017 0.00198282 103 50 148 1 70 90.5446 21.1405 37.1056 135.934
273 1 0 96 53 135 0 74 86.0595 21.8752 22.564 142.179
274 1 0 107 57 114 0 77 92.2063 19.8204 46.3843 147.794
275 1 0 100 42 107 0 85 90.993 21.7877 44.8024 151.357
276 1 0 93 40 105 0 88 89.2945 21.2029 44.2445 161.177
277 1 0 101 47 88 0 87 87.1816 20.165 42.7424 155.24
278 1 0 101 46 78 0 88 81.3903 18.3823 32.0107 131.499
279 1 0 97 52 74 0 90 82.4962 17.7798 30.3399 118.764
280 1 0 108 53 63 0 90 82.5192 18.2861 32.1817 124.775
281 1 0 95 43 66 0 97 78.5276 19.0358 37.1188 119.548
282 1 0 84 43 69 0 102 79.2018 18.1031 40.6104 116.847
283 1 0 78 45 70 0 104 81.3122 17.4297 41.2727 120.331
284 1 0 63 50 67 0 108 80.0017 19.1645 40.7316 121.78
285 1 0 69 51 62 0 108 83.3043 19.8783 40.1732 123.453
286 1 0 62 53 68 0 109 83.3466 20.7062 39.1262 141.483
287 1 0 64 50 64 0 111 87.7137 19.0809 49.8274 157.092
288 1 0 58 53 67 0 113 89.1288 20.8313 55.8799 156.285
289 1 0 47 55 64 0 115 85.8068 20.9075 47.9426 150.324
290 1 0 51 47 62 0 118 76.9382 18.7735 38.3145 146.624
291 1 0 52 45 65 0 119 79.2308 20.6728 35.7284 151.249
292 1 0 47 44 66 0 125 79.591 17.8186 47.6126 117.544
293 1 0 47 39 78 0 125 81.7603 20.0079 48.5372 127.237
294 1 0 47 38 80 0 125 85.5608 18.0875 44.9081 133.097
295 1 0 49 33 79 0 129 88.2209 18.9034 40.646 129.113
296 1 0 49 30 79 0 131 87.8629 17.8479 51.688 127.026
297 1 0 48 28 80 0 135 89.2809 21.0716 28.9604 136.278
298 1 0 36 29 88 0 138 92.6677 19.1326 57.7753 136.731
299 1 0 46 28 78 0 136 85.6305 17.2981 53.9813 125.357
300 1 0 50 29 73 0 137 88.3199 19.1589 58.04 149.395
301 1 0 54 29 71 0 135 85.9818 20.7609 37.9567 139.941
302 1 0 64 29 59 0 133 80.3812 21.8518 14.5939 128.599
303 1 0 52 36 59 0 135 68.7178 15.2382 20.4667 99.3736
304 1 0 55 40 54 0 134 70.7625 16.0335 38.1606 110.045
305 1 0 56 43 51 0 131 70.1561 15.8244 37.2807 106.286
306 1 0 64 43 46 0 125 59.0933 16.948 14.3707 96.6131
307 1 0 66 43 52 0 116 43.5644 15.0578 12.6617 78.1129
308 1 0 59 52 50 0 113 38.4168 15.2761 7.57885 67.3737
309 1 0 59 53 53 0 112 36.4363 13.316 9.35604 67.0023
310 1 0 61 54 54 0 111 34.975 11.9358 5.07415 59.4733
311 1 0 60 55 57 0 104 30.5254 11.5781 3.11727 58.7266
312 0.966279 0 59 52 71 0 98 26.5738 10.0929 3.16626 46.9518
313 0.923828 0 57 52 79 0 90 17.7474 9.03052 1.10708 35.7255
314 0.894928 0 53 54 85 0 84 14.4067 8.1998 1.25298 34.1091
315 0.88677 0 57 53 85 0 81 12.6499 7.52787 0.756305 36.3998
316 0.856211 0 69 49 85 0 75 11.7013 6.87517 0.505424 28.9307
317 0.848052 0 66 43 103 0 72 10.1372 6.42564 0.467399 32.1297
318 0.822471 0 74 38 106 0 67 9.46927 6.08043 0.251628 31.8715
319 0.814728 0 73 42 108 0 63 9.19586 6.95083 0.336253 34.7425
320 0.827173 0 71 46 110 0 62 9.4491 7.31372 0.195497 32.3908
321 0.829938 0 82 48 104 0 61 8.8067 7.35613 0.10684 34.5332
322 0.839341 0 86 50 104 0 60 9.53366 8.36477 0.0877446 35.5293
323 0.853722 0 89 49 108 0 60 10.4684 8.7177 0.0118368 34.0141
324 0.806431 0 90 52 106 0 51 8.57259 7.57198 0.0228359 34.4955
325 0.796199 0 99 55 98 0 47 7.27604 6.42982 0.021409 32.2289
326 0.797305 0 108 61 86 0 45 6.80492 5.81464 0.0214714 28.4047
327 0.786796 0 109 71 76 0 41 6.43093 5.51755 0.0199791 25.2954
328 0.797305 0 108 73 84 0 41 7.08035 6.20987 0.162156 30.9572
329 0.803942 0 106 75 92 0 40 7.21805 6.34173 0.025706 32.4842
330 0.80173 0 109 77 96 0 38 7.31021 5.85886 0.0253472 24.5848
331 0.805048 0 112 78 100 0 36 7.6744 5.59847 0.0969794 26.6031
332 0.803942 0 116 81 98 0 34 7.77749 5.13364 0.0707669 22.5134
333 0.797581 0 111 85 104 0 29 7.44812 4.82637 0.0255904 20.0113
334 0.804495 0 114 83 110 0 28 7.61544 5.21934 0.0476095 22.3381
335 0.794816 0.00248898 108 85 122 1 22 7.12873 5.26038 0.0956719 23.85
336 0.811686 0.00248898 96 88 142 1 22 7.44602 5.05599 0.140078 22.8367
337 0.826343 0.00248898 105 86 146 1 21 8.67399 5.83854 0.7801 30.0665
338 0.826619 0.00248898 111 86 150 1 16 10.1542 6.58682 0.389592 25.1587
339 0.842383 0.00248898 118 86 154 1 14 11.7235 7.37929 0.370183 38.142
340 0.846255 0.00248898 121 90 156 1 10 12.0846 7.1333 0.290481 31.1684
341 0.850403 0.00248898 121 92 162 1 6 12.9467 7.01815 0.278363 30.8082
342 0.872804 0.00248898 111 103 170 1 6 14.7223 7.61967 0.644986 31.8856
343 0.888844 0.00248898 109 114 166 1 5 17.271 9.11896 0.681097 52.3992
344 0.911798 0.00248898 118 112 170 1 5 19.6697 9.82595 0.983757 45.8572
345 0.927838 0 129 109 176 0 4 21.1002 9.86042 0.262391 47.6125
346 0.932263 0 132 119 172 0 0 22.5722 10.5393 0.708743 51.0546
347 0.956047 0 139 122 172 0 0 24.4358 11.3215 1.6365 51.869
348 0.97983 0 151 121 172 0 0 28.3744 11.8836 1.80075 57.1865
349 1 0 150 127 180 0 0 33.6662 12.6003 1.3724 69.5136
350 1 0 156 127 184 0 0 39.8179 14.8573 5.30893 92.0538
351 1 0 159 122 206 0 0 47.1549 15.8289 8.79815 83.5759
352 1 0 154 121 228 0 0 54.1863 16.5919 10.1053 98.5208
353 1 0 164 124 224 0 0 64.4159 18.93 9.14408 106.272
354 1 0 176 129 218 0 0 75.3952 19.8405 30.4527 125.971
355 1 0 161 106 237 0 11 80.0382 16.6754 36.3431 117.694
356 1 0 149 90 238 0 20 81.5517 18.9835 40.4156 137.58
357 1 0 141 94 231 0 24 88.4234 19.7897 33.5802 131.956
358 1 0 134 67 235 0 30 77.9887 18.1852 34.06 118.743
359 1 0 128 67 225 0 35 82.3421 17.2271 29.9441 131.457
360 1 0 150 58 200 0 39 90.882 17.546 48.054 134.83
361 1 0 150 49 178 0 42 78.1689 17.9204 30.8109 129.676
362 1 0 132 58 171 0 47 81.118 18.2447 37.0725 136.34
363 1 0 127 56 157 0 54 81.968 17.8768 34.053 141.595
364 1 0 129 56 125 0 60 76.3723 18.0951 43.0484 126.82
365 1 0 126 65 108 0 61 73.4528 16.3943 43.3684 110.594
366 1 0 126 72 97 0 61 74.1991 17.4946 35.031 121.493
367 1 0 136 76 72 0 64 77.5655 19.1235 34.1374 129.096
368 1 0 120 77 75 0 65 74.3394 18.6819 35.1333 135.933
369 1 0 112 89 66 0 66 72.3115 17.6009 37.9063 121.128
370 1 0 108 95 64 0 67 75.287 17.3614 31.1709 116.99
371 1 0 103 84 85 0 70 76.3312 16.8369 37.8143 139.041
372 1 0 105 84 89 0 69 79.7628 17.5782 39.5289 146.668
373 1 0 99 82 101 0 69 78.5194 17.2633 35.5892 128.643
374 1 0 100 79 111 0 69 83.6964 17.8233 42.6288 140.786
375 1 0 89 76 123 0 69 77.0257 17.3588 25.9122 125.779
376 1 0 82 76 133 0 70 79.5672 18.1048 28.3533 124.497
377 1 0 82 75 133 0 72 83.3736 17.6799 36.7174 127.516
378 1 0 75 67 157 0 73 87.0425 19.3066 50.8651 145.242
379 1 0 69 58 168 0 80 94.6852 21.2166 52.5461 146.758
380 1 0 71 44 144 0 91 87.8695 19.476 41.921 134.869
381 1 0 69 49 138 0 91 87.1089 20.4573 37.0557 139.263
382 1 0 77 51 134 0 92 93.4801 18.5497 57.4044 145.465
383 1 0 70 52 121 0 95 88.59 19.7166 56.6442 137.765
384 1 0 67 47 119 0 100 85.1253 18.7875 40.1462 130.87
385 1 0 59 49 112 0 106 91.004 23.0869 28.8913 142.3
386 1 0 60 46 107 0 109 90.3436 21.8836 41.9756 144.675
387 1 0 69 45 85 0 113 84.6016 22.1012 23.5887 151.297
388 1 0 74 48 71 0 114 82.9152 20.3016 25.2435 146.052
389 1 0 77 52 65 0 114 86.7527 20.0944 30.5383 148.171
390 1 0 73 54 67 0 116 91.462 18.6079 52.4687 143.324
391 1 0 76 55 67 0 112 81.1872 18.3379 27.1661 126.446
392 1 0 76 50 72 0 113 83.2239 17.0606 51.787 132.936
393 1 0 75 53 70 0 114 83.2502 17.9843 51.5099 139.291
394 1 0 64 53 74 0 117 80.6272 16.9876 40.3149 124.118
395 1 0 65 54 71 0 116 77.5644 16.1401 46.0353 122.519
396 1 0 62 57 72 0 117 77.4029 16.772 56.006 125.18
397 1 0 57 58 82 0 117 82.2532 18.8832 54.7598 132.673
398 1 0 55 57 89 0 109 64.6634 15.3251 32.4441 110.643
399 1 0 62 51 95 0 101 59.0779 19.5032 18.9206 116.636
400 1 0 72 47 96 0 98 56.3653 18.7932 24.6197 107.97
401 1 0 78 50 88 0 92 48.4949 14.9583 10.7609 79.6029
402 1 0 83 47 94 0 90 46.0374 16.1277 14.0177 80.924
403 1 0 86 45 102 0 86 40.3357 14.5789 9.84643 86.5394
404 1 0 88 43 108 0 83 35.0952 12.9747 12.1417 70.7256
405 1 0 94 39 114 0 80 34.7401 12.3225 9.81822 68.9611
406 1 0 100 38 116 0 75 31.0055 12.2291 3.89032 61.0155
407 0.979001 0 99 45 114 0 71 28.5521 12.2136 6.46594 55.6385
408 0.984808 0 105 52 102 0 70 26.7251 11.5946 7.62558 53.8447
409 0.983979 0 110 58 94 0 68 25.0824 10.1136 2.99629 54.5354
410 0.972087 0 101 65 100 0 66 24.2697 10.2407 1.52374 50.4207
411 0.968492 0 112 65 94 0 65 24.6912 10.9362 2.95924 54.6265
412 0.971534 0 115 73 90 0 64 24.0327 10.9627 3.20605 48.8731
413 0.983979 0 121 75 86 0 64 25.9638 11.3873 4.15759 53.2781
414 0.983425 0 128 80 78 0 62 25.8618 11.8131 6.7803 56.1202
415 0.994211 0 132 84 76 0 62 27.5313 12.1281 7.75828 61.355
416 0.992275 0 122 91 90 0 61 28.702 12.9321 3.35982 65.6272
417 1 0 118 89 103 0 61 29.8373 11.7734 3.86136 68.0645
418 1 0 110 94 115 0 59 32.3349 11.4643 8.48386 63.943
419 1 0 105 96 129 0 58 33.8555 12.6112 1.626 67.7899
420 1 0 109 97 129 0 56 35.0154 12.7427 6.1868 70.8553
421 1 0 112 93 145 0 54 36.4498 13.5678 3.268 83.1156
422 1 0 107 100 149 0 47 34.9237 13.0791 9.02237 74.3127
423 0.995456 0 105 101 159 0 39 33.953 14.2429 3.19213 76.3371
424 1 0 104 104 167 0 36 33.7935 15.0477 0.721899 69.1883
425 1 0 113 99 181 0 35 37.6611 15.216 7.43276 65.2809
426 1 0 122 99 178 0 32 39.6924 14.6113 10.6174 73.7159
427 1 0 129 96 188 0 26 40.6226 14.6874 4.14879 79.2077
428 1 0 139 95 192 0 20 40.0881 15.4738 3.3181 88.2302
429 1 0 135 103 194 0 15 40.5106 16.059 5.34856 92.9194
430 1 0 150 107 186 0 12 42.879 15.9467 7.95348 91.935
431 1 0 149 107 200 0 11 46.5064 16.0352 11.5748 87.0075
432 1 0 156 108 201 0 11 52.9002 16.9059 12.2372 103.002
433 1 0 166 105 207 0 9 60.3575 18.6413 20.3653 107.002
434 1 0 180 104 197 0 11 68.4136 16.9421 22.8198 108.96
435 1 0 164 112 197 0 13 74.0225 18.5457 21.5145 131.327
436 1 0 181 107 187 0 13 76.267 18.3917 29.0612 122.082
437 1 0 185 109 183 0 11 77.5275 16.3254 23.6438 136.867
438 1 0 161 114 188 0 15 76.4434 18.0571 34.975 139.948
439 1 0 161 114 182 0 16 78.2908 17.8405 39.8249 124.148
440 1 0 155 109 174 0 23 84.0443 19.4727 34.9937 147.319
441 1 0 144 98 175 0 30 87.3602 19.6614 21.2632 145.992
442 1 0 138 94 161 0 38 87.6534 18.5927 42.8325 144.943
443 1 0 135 86 156 0 43 86.7062 19.3914 32.8594 143.26
444 1 0 120 61 163 0 54 80.5508 20.3495 31.1098 158.284
445 1 0 105 58 152 0 63 83.919 18.2255 45.5006 135.673
446 1 0 107 48 137 0 69 82.5312 18.8785 43.1279 128.829
447 1 0 107 49 135 0 73 89.253 20.1886 51.2129 148.551
448 1 0 95 55 125 0 78 87.3474 19.1016 50.5371 152.863
449 1 0 98 51 118 0 83 88.8752 20.3026 31.9147 150.241
450 1 0 103 45 105 0 87 88.8103 20.6606 49.6073 138.057
451 1 0 91 50 101 0 89 82.886 19.8796 47.2419 140.505
452 1 0 95 48 86 0 94 84.6643 20.2246 27.2059 144.015
453 1 0 87 49 73 0 99 79.6785 19.221 41.8697 144.159
454 1 0 87 44 79 0 98 77.9856 18.9717 41.4405 138.383
455 1 0 84 49 76 0 100 83.2346 19.167 39.9111 138.693
456 1 0 77 50 67 0 107 85.1724 19.1281 50.2931 131.728
457 1 0 66 45 66 0 113 79.5433 17.8063 28.1648 141.574
458 1 0 71 42 62 0 114 81.2758 20.1959 23.5849 148.339
459 1 0 68 45 58 0 115 80.9348 18.3704 23.1289 119.286
460 1 0 68 39 61 0 117 78.7492 19.6362 43.7711 129.918
461 1 0 61 45 63 0 116 76.8282 19.0087 30.3725 129.736
462 1 0 52 48 67 0 118 72.231 19.2535 26.5931 110.907
463 1 0 60 51 55 0 118 68.5007 18.8947 33.8259 108.851
464 1 0 59 53 57 0 118 71.0986 18.4713 36.49 104.452
465 1 0 54 50 62 0 120 73.6901 18.9251 25.0546 116.859
466 1 0 48 51 71 0 122 74.156 19.5379 37.607 119.05
467 1 0 47 54 69 0 123 76.1462 19.4679 32.0401 130.596
468 1 0 49 52 73 0 123 78.6584 19.4336 34.6658 133.71
469 1 0 56 54 66 0 122 79.4537 18.2607 34.8917 127.561
470 1 0 55 48 75 0 124 79.7443 19.0921 38.0617 134.886
471 1 0 58 44 79 0 126 81.0874 17.7407 37.5933 139.917
472 1 0 52 46 88 0 126 84.5207 17.6488 42.0755 134.303
473 1 0 51 48 90 0 126 88.9557 19.0125 44.5668 153.423
474 1 0 49 45 90 0 127 84.1611 19.5891 57.6838 132.416
475 1 0 54 39 93 0 129 89.7407 20.8857 50.968 149.762
476 1 0 52 35 98 0 129 86.6683 17.3368 53.7736 141.291
477 1 0 43 44 92 0 128 81.1214 16.6635 50.3945 116.443
478 1 0 42 44 95 0 126 73.9658 19.3283 22.3353 120.408
479 1 0 51 49 82 0 125 78.4102 18.6765 43.7606 122.239
480 1 0 58 50 69 0 125 70.311 18.2741 32.7676 119.63
481 1 0 63 44 71 0 122 63.9813 16.83 27.4332 99.6743
482 1 0 68 42 73 0 120 65.2954 16.7196 31.3704 99.6909
483 1 0 75 41 72 0 114 60.8136 15.6403 30.1253 94.1811
484 1 0 83 46 62 0 108 50.8667 15.1728 9.4629 93.2714
485 1 0 85 50 59 0 102 43.1753 15.3387 4.51178 77.721
486 1 0 83 44 77 0 97 34.4317 13.9643 5.27198 71.8424
487 0.949133 0 87 44 77 0 86 24.9561 12.5694 1.24757 52.9469
488 0.917467 0 78 49 87 0 79 18.0526 8.88144 0.462974 44.3431
489 0.892163 0 76 49 94 0 75 15.9702 7.37316 1.64701 37.5041
490 0.88276 0 80 54 88 0 71 14.7733 7.26106 2.16872 34.5003
491 0.870038 0 84 57 84 0 67 12.112 6.53614 1.13276 31.9741
492 0.851786 0 87 60 82 0 62 9.94821 6.26486 0.483382 28.9666
493 0.830768 0 90 55 92 0 57 8.43079 5.39373 0.159931 26.2781
494 0.828555 0 88 56 100 0 54 7.43364 4.56119 0.200476 25.9525
495 0.819982 0 104 56 88 0 50 6.80177 4.44519 0.370813 21.5495
496 0.787349 0 104 60 88 0 44 6.17401 4.25918 0.116054 19.5132
497 0.799517 0 111 54 98 0 44 6.58024 4.40002 0.12362 19.985
498 0.805601 0 105 65 98 0 42 6.7192 4.73173 0.124627 19.3445
499 0.794263 0 101 67 108 0 38 7.03693 4.96895 0.00899234 21.8359
500 0.779329 0 98 70 114 0 33 6.59461 4.83062 0.00153542 22.3465
501 0.795092 0 96 73 120 0 33 6.82948 4.60436 1.69377e-05 19.2321
502 0.806708 0 102 80 110 0 32 7.43883 5.08093 0.000772465 25.655
503 0.811962 0 106 82 112 0 30 7.26898 4.82239 0.00166223 27.5202
504 0.827449 0 110 82 112 0 30 7.81006 4.96758 0.00286054 26.1266
505 0.830491 0 108 84 120 0 26 8.34561 5.16518 0.00409943 22.1553
506 0.844595 0 122 87 108 0 25 8.86187 5.22888 0.195426 23.5693
507 0.859529 0 115 88 130 0 25 10.2454 5.50036 0.268255 25.4754
508 0.857593 0 119 90 134 0 23 11.5096 6.044 0.311934 27.804
509 0.868656 0 116 96 140 0 21 11.6234 5.89065 0.681933 29.3089
510 0.883036 0 119 97 146 0 20 12.9379 6.33007 1.47443 32.3033
511 0.903225 0 111 101 160 0 20 14.7152 6.4135 1.29014 30.9943
512 0.92286 0 116 102 164 0 19 16.5486 7.27005 3.40386 34.8718
513 0.94056 0.00248898 113 108 164 1 18 19.5127 9.1959 2.26077 54.4011
514 0.953281 0.00248898 124 103 168 1 15 22.2892 9.12593 2.73291 40.7421
515 0.976512 0.00248898 127 102 174 1 15 26.5621 10.4535 1.40925 59.8244
516 0.997512 0.00248756 147 97 176 1 14 30.8422 11.43 3.79239 62.8766
517 0.997536 0.0024644 152 100 180 1 11 34.2679 12.51 4.08515 66.729
518 0.99756 0.00244035 155 100 192 1 9 38.045 13.9297 11.0054 79.1538
519 0.997604 0.00239553 158 106 194 1 6 42.917 15.0342 6.60833 80.0014
520 0.997626 0.00237404 165 105 202 1 4 46.9459 16.4504 5.64393 92.4384
521 0.997677 0.00232318 163 116 204 1 3 53.7821 16.2515 6.48676 103.544
522 0.997736 0.00226358 161 116 216 1 3 59.9863 16.9485 14.0587 105.954
523 1 0 162 123 205 0 1 57.0049 14.7672 13.0285 95.5366
524 1 0 167 127 202 0 0 63.4196 16.4133 12.1063 106.612
525 0.997822 0.00217812 184 126 192 1 2 70.796 16.1972 10.8907 111.862
526 0.997863 0.00213726 187 113 197 1 7 79.2071 17.1902 26.3892 145.142
527 0.997854 0.00214618 171 108 193 1 12 74.9601 16.7484 19.0076 133.459
528 0.997884 0.00211566 172 110 196 1 13 82.2169 18.7595 36.2582 126.643
529 0.997899 0.0021006 153 110 190 1 20 82.0673 17.5516 40.2773 140.336
530 0.997936 0.00206351 145 99 204 1 27 89.0452 19.8399 37.4169 146.92
531 0.997956 0.00204406 144 87 197 1 33 90.0706 19.2528 52.3348 149.186
532 0.997964 0.00203597 126 69 211 1 42 89.7625 19.1862 39.2246 152.354
533 0.997988 0.00201162 111 68 205 1 50 91.5221 18.6807 46.4335 151.24
534 0.997982 0.00201794 111 64 188 1 54 92.7945 21.2221 42.4605 145.158
535 0.997974 0.00202634 110 58 168 1 62 86.5431 19.2817 31.9391 140.826
536 0.997997 0.00200334 111 54 159 1 67 90.319 20.807 38.1963 145.904
537 0.997988 0.0020123 101 54 145 1 72 82.9062 17.9022 33.954 149.483
538 0.995952 0.00404813 102 46 135 2 76 83.1335 18.6013 43.1216 138.213
539 0.995973 0.00402685 125 40 109 2 79 84.8832 18.2301 38.671 128.875
540 0.996006 0.00399423 113 50 99 2 82 89.864 18.6819 49.4178 141.092
541 0.99391 0.00609 92 54 81 3 92 77.1009 20.0634 26.8434 146.667
542 0.993904 0.00609618 88 58 77 3 92 74.8216 17.4271 34.5857 142.569
543 0.99395 0.00604974 89 62 74 3 92 76.8374 17.1481 37.1121 110.474
544 0.99389 0.00610998 82 62 75 3 93 73.7016 17.6072 36.6778 112.074
545 0.991897 0.00810263 92 64 64 4 93 74.9479 19.5963 31.5223 115.904
546 0.991955 0.00804469 95 65 67 4 93 77.5781 18.317 35.1054 119.085
547 0.991951 0.00804919 95 63 63 4 95 76.9299 18.4481 43.4945 121.565
548 0.993921 0.00607903 89 69 57 3 95 76.4571 18.0755 41.0446 123.267
549 0.99396 0.00604027 86 64 76 3 95 77.7823 18.3893 30.7847 116.785
550 0.994011 0.00598935 85 61 88 3 95 81.4383 20.9093 20.4025 162.393
551 0.996006 0.00399379 74 57 98 2 97 82.8237 20.925 44.0502 129.788
552 0.996045 0.00395474 66 60 102 2 99 85.7489 17.7482 39.7418 131.49
553 0.996066 0.003934 68 52 106 2 102 90.8267 19.3117 40.2445 130.451
554 0.996066 0.00393443 64 50 108 2 104 90.4683 19.5051 32.8384 138.284
555 1 0 71 43 105 0 108 91.522 21.2129 47.0497 146.694
556 1 0 65 39 103 0 109 80.9958 19.4392 32.6762 131.286
557 1 0 64 33 108 0 108 76.2344 18.4436 37.9211 130.043
558 1 0 73 38 92 0 108 74.9227 18.6479 39.8757 127.639
559 1 0 75 45 83 0 109 77.1263 18.4885 28.4723 117.051
560 1 0 83 44 77 0 110 79.5223 19.2571 33.4685 127.098
561 1 0 85 38 89 0 111 84.3374 18.1377 40.6612 127.907
562 1 0 80 43 80 0 114 83.062 19.3113 35.7772 140.387
563 1 0 83 45 78 0 115 87.2889 20.1422 49.6398 150.154
564 1 0 73 51 70 0 116 82.2034 16.9487 54.4027 116.185
565 1 0 69 58 68 0 117 84.0822 18.397 49.186 120.938
566 1 0 65 55 60 0 124 84.0771 18.1864 40.0559 116.49
567 1 0 61 57 67 0 124 87.0201 18.7332 50.4389 129.07
568 1 0 63 54 72 0 123 89.5521 19.2666 52.4605 136.856
569 1 0 61 48 68 0 122 74.2797 17.3755 42.7416 106.737
570 1 0 78 49 53 0 117 65.2499 18.4325 17.3242 100.751
571 1 0 78 49 58 0 115 64.372 18.4279 18.4919 121.363
572 1 0 82 48 60 0 113 59.0871 17.4614 20.3057 111.664
573 1 0 74 47 80 0 110 57.4419 19.9032 10.4054 108.589
574 1 0 71 46 92 0 107 53.2188 18.7759 2.37507 107.367
575 1 0 60 53 102 0 99 42.5407 15.3448 4.94661 76.4737
576 1 0 66 52 103 0 92 37.4298 13.7239 6.94959 71.3721
577 1 0 73 53 98 0 89 37.3836 13.6493 7.50065 64.069
578 1 0 71 58 96 0 81 30.7802 13.1049 8.47244 62.3594
579 0.979554 0 73 58 98 0 77 26.2869 11.5409 1.41858 61.5087
580 0.965726 0 73 63 98 0 74 23.6618 9.7643 3.094 48.2922
581 0.936964 0 76 66 96 0 68 20.5304 8.37506 5.04203 43.4428
582 0.930327 0 97 57 94 0 65 20.9721 9.31643 4.11592 49.6987
583 0.908479 0 102 61 92 0 61 18.5662 8.97788 1.12484 49.9234
584 0.868932 0 104 58 106 0 52 14.8983 9.54932 0.629231 45.2075
585 0.876123 0 105 64 104 0 51 12.2453 8.34639 0.21783 43.5357
586 0.890503 0 102 69 106 0 51 12.3544 7.57655 1.14536 45.0342
587 0.877782 0 99 68 116 0 48 12.2791 6.94242 3.13865 42.5315
588 0.893822 0 100 71 116 0 48 13.2082 7.15367 1.77638 39.7511
589 0.909862 0 95 76 126 0 48 14.7355 7.81092 1.86955 37.3441
590 0.919818 0 96 76 132 0 47 16.3294 8.26208 1.44073 35.9962
591 0.938071 0 110 81 114 0 47 17.5054 8.93485 0.572974 38.5954
592 0.953834 0 115 79 122 0 47 19.8307 10.0136 0.189522 47.9544
593 0.970704 0 128 82 116 0 47 22.621 10.4945 1.22967 50.8306
594 0.956876 0 131 78 128 0 43 22.7323 9.3157 3.78202 45.2889
595 0.962131 0 123 85 138 0 41 24.2936 9.26587 4.8048 44.8443
596 0.966279 0 127 88 136 0 38 25.8374 10.0374 4.84893 49.4969
597 0.980107 0 129 87 142 0 36 28.1178 11.4505 3.05884 52.8928
598 0.982319 0 133 88 152 0 33 29.4811 11.963 4.89403 66.0434
599 0.978447 0 131 97 152 0 28 30.7156 12.7335 5.81043 70.4461
600 0.991999 0 123 101 162 0 26 32.4585 13.82 5.75117 67.0328
601 1 0 134 103 158 0 25 35.3851 15.4178 4.1309 72.9545
602 1 0 140 104 164 0 23 38.5206 14.9957 6.50746 71.4814
603 1 0 148 111 156 0 23 42.5765 15.2939 5.27744 89.8587
604 1 0 156 105 170 0 22 46.0638 16.6102 12.9306 83.3596
605 1 0 158 105 176 0 19 48.2517 15.7292 15.1925 89.961
606 1 0 158 113 174 0 18 53.9373 16.1812 20.2954 96.2871
607 1 0 178 107 175 0 14 56.3623 18.0778 12.5783 121.907
608 1 0 176 107 193 0 13 61.5022 17.9811 3.52701 109.849
609 1 0 173 112 201 0 6 59.658 18.3714 17.5834 113.286
610 1 0 182 110 205 0 6 67.4523 17.974 26.5066 129.003
611 0.997824 0.00217628 188 111 207 1 6 72.79 16.2589 10.9695 116.388
612 0.997835 0.0021645 189 103 221 1 2 75.8954 16.5228 17.9081 116.268
613 0.995774 0.00422585 185 103 209 2 9 81.616 18.5209 9.34337 126.488
614 0.995832 0.00416763 159 104 207 2 17 83.7787 18.6475 36.7876 132.672
615 0.995897 0.0041035 151 95 215 2 21 91.1573 20.1515 47.776 157.39
616 0.99587 0.00412986 138 82 197 2 31 82.7142 18.5926 30.3234 124.333
617 0.995937 0.00406275 134 66 186 2 45 88.6403 19.3109 34.5677 147.951
618 0.995997 0.00400311 125 62 181 2 52 92.4082 19.2079 49.1583 147.55
619 0.995993 0.00400712 123 58 162 2 57 90.4367 20.0509 40.6756 136.329
620 0.996011 0.00398892 124 56 147 2 61 91.0801 20.3406 45.4381 150.241
621 0.998006 0.00199358 124 59 122 1 67 92.1565 20.6726 57.0678 150.953
622 0.997969 0.00203092 110 59 115 1 72 80.0611 17.7122 28.8816 134.288
623 1 0 111 60 112 0 75 82.7059 19.3557 31.7342 136.345
624 1 0 117 59 98 0 77 80.885 18.8211 28.857 125.699
625 1 0 111 55 92 0 79 78.3795 19.0355 38.9297 126.452
626 1 0 111 60 74 0 81 77.0831 17.6374 26.6145 126.67
627 1 0 112 66 67 0 82 79.9294 18.874 28.7199 133.279
628 1 0 99 63 73 0 86 76.8218 17.7216 28.5807 124.091
629 1 0 99 62 68 0 89 75.1554 17.7162 33.7777 122.108
630 1 0 85 68 74 0 90 76.0178 18.7435 36.0253 128.989
631 1 0 81 58 83 0 92 72.7563 16.5803 34.0224 117.138
632 1 0 81 64 79 0 92 76.0891 16.7623 39.5734 121.041
633 1 0 71 61 81 0 97 78.4166 17.9833 42.0854 123.288
634 1 0 68 69 79 0 98 81.2821 18.4143 49.358 126.797
635 1 0 58 68 85 0 100 82.5691 20.1071 43.4334 150.876
636 1 0 53 65 97 0 100 84.2867 20.1537 43.4585 143.885
637 1 0 59 54 101 0 103 87.6464 21.1311 44.9586 151.724
638 1 0 57 49 99 0 107 91.6999 21.7569 39.4751 159.929
639 1 0 54 47 101 0 107 87.3108 21.483 47.0304 170.364
640 1 0 62 40 95 0 109 83.2868 19.9894 36.6435 156.136
641 1 0 61 38 103 0 109 85.6777 19.6625 35.1051 144.705
642 1 0 65 37 101 0 111 89.4125 20.2292 45.9935 150.348
643 1 0 58 37 108 0 112 88.3612 19.7372 52.5819 125.563
644 1 0 57 36 106 0 114 85.9623 20.1395 53.7585 129.691
645 1 0 66 34 94 0 113 85.9247 20.8294 45.4111 123.338
646 1 0 63 39 82 0 116 88.5809 21.1186 36.4046 146.985
647 1 0 54 38 77 0 121 81.373 19.5509 48.787 117.789
648 1 0 57 36 80 0 121 85.1126 19.9639 56.3781 124.526
649 1 0 60 38 74 0 121 82.2794 18.8033 48.4399 128.457
650 1 0 61 46 65 0 122 84.9695 19.4088 45.3074 131.506
651 1 0 54 47 59 0 125 84.3056 20.3108 50.5721 137.97
652 1 0 61 43 60 0 128 85.3329 21.2299 52.6842 145.041
653 1 0 62 40 56 0 130 85.9132 19.8359 39.1711 138.848
654 1 0 55 38 54 0 134 82.3155 17.4093 41.5856 122.954
655 1 0 52 40 58 0 132 81.3396 18.3703 51.7751 123.698
656 1 0 53 40 60 0 127 75.1871 18.3958 35.5081 112.367
657 1 0 59 43 54 0 120 58.7852 20.4268 22.6492 99.9087
658 1 0 66 41 53 0 115 52.4275 18.2033 22.0694 81.3495
659 1 0 64 39 63 0 105 41.486 17.6902 3.9927 93.3871
660 0.963652 0 59 38 73 0 93 26.8942 12.8728 1.05994 63.346
661 0.918988 0 69 40 65 0 86 17.5854 9.90699 1.56522 37.1644
662 0.915531 0 66 44 67 0 84 16.3814 8.8345 2.2461 37.126
663 0.882483 0 65 44 73 0 79 14.1646 8.12678 0.580053 37.6485
664 0.867688 0 68 42 77 0 75 12.6485 8.51464 0.581529 37.9386
665 0.858423 0 67 46 77 0 71 10.5137 7.85014 0.110275 33.0536
666 0.856626 0 62 51 83 0 68 9.65187 7.51227 0.111342 26.9349
667 0.863125 0 68 51 80 0 67 9.29195 6.80128 0.0482805 24.4378
668 0.836852 0 77 50 76 0 64 9.76435 7.34959 0.00563568 31.1568
669 0.815004 0 77 55 76 0 60 9.01518 6.89406 0.0186887 27.841
670 0.818046 0 77 57 80 0 59 8.994 6.33285 0.0232677 25.1679
671 0.811686 0 77 56 88 0 57 7.60439 5.74636 0.0605619 27.7909
672 0.811409 0 82 56 88 0 55 7.41353 5.95973 0.0504302 28.149
673 0.806154 0 83 62 84 0 53 7.7697 6.2717 0.234692 32.5412
674 0.777946 0 83 61 92 0 49 7.03543 5.61298 0.156518 26.7987
675 0.790667 0 89 56 102 0 49 7.14614 6.20315 0.0838054 27.4495
676 0.779882 0 88 60 102 0 44 6.93192 5.80321 0.0446089 26.037
677 0.791497 0 85 68 100 0 43 6.91339 5.50563 0.0887808 23.2586
678 0.790391 0 85 68 110 0 41 7.01919 5.45789 0.102112 23.2352
679 0.805601 0 90 67 114 0 41 7.20778 5.39873 0.0630519 23.2524
680 0.801453 0 100 65 112 0 38 7.67639 5.63105 0.0487421 29.0185
681 0.811962 0 98 72 112 0 36 7.83731 5.58626 0.0653052 26.5714
682 0.819982 0 93 74 124 0 34 8.68625 5.82267 0.0171993 25.3923
683 0.824684 0 103 72 122 0 33 8.8393 5.97867 0.00799432 29.884
684 0.839064 0 108 83 112 0 32 9.31228 6.39408 0.0318948 29.5231
685 0.849573 0 103 87 120 0 30 9.11909 5.75688 0.0579492 25.5302
686 0.851233 0 98 87 136 0 28 9.86243 6.28699 0.192295 27.2285
687 0.857593 0 109 86 136 0 25 11.2112 6.81465 0.811271 37.8444
688 0.858976 0 117 87 134 0 23 11.5321 7.08866 0.887357 35.2707
689 0.852615 0 124 88 130 0 20 11.9328 7.04608 0.886433 35.5707
690 0.855658 0 125 85 144 0 16 11.621 6.58257 1.17885 34.7854
691 0.870591 0 135 82 148 0 15 13.3954 7.11135 1.03501 42.4452
692 0.878612 0 142 83 144 0 13 14.277 6.77718 0.616229 37.4463
693 0.896034 0 139 81 166 0 12 15.246 7.05149 3.21981 42.7079
694 0.901566 0 142 81 174 0 9 15.5057 8.07976 0.873565 40.1282
695 0.91567 0 152 82 174 0 6 17.6034 8.16402 1.91921 46.115
696 0.929774 0 157 88 172 0 4 19.5668 8.0539 1.46508 41.1272
697 0.933646 0 157 94 174 0 0 20.0826 8.73958 0.305982 45.143
698 0.957706 0 157 97 176 0 0 22.641 9.44118 1.47974 55.6907
699 0.982043 0 164 105 170 0 0 27.5112 9.67997 4.39352 56.6803
700 1 0 173 110 164 0 0 32.6866 11.0043 4.04884 61.8046
701 1 0 170 116 166 0 0 37.9936 11.95 7.58964 68.9304
702 1 0 190 115 162 0 0 45.1573 13.0873 6.2383 81.9922
703 1 0 195 121 162 0 0 52.0413 14.7704 7.11308 92.4765
704 1 0 201 125 164 0 0 59.0769 15.6353 18.6639 97.623
705 1 0 201 125 175 0 1 62.5492 14.829 16.3897 103.024
706 1 0 192 130 187 0 2 70.6584 16.5219 18.8951 115.278
707 1 0 179 119 192 0 4 66.0049 14.2572 13.1929 102.423
708 1 0 174 118 206 0 6 73.1086 16.4493 28.3503 109.96
709 1 0 162 105 205 0 13 78.1403 17.5413 35.9326 120.927
710 1 0 144 98 211 0 20 81.8112 18.3353 36.1854 120.462
711 1 0 144 88 202 0 27 86.7789 18.4588 44.3318 129.923
712 1 0 134 84 197 0 32 88.1502 18.3978 41.1354 127.513
713 1 0 127 84 187 0 35 86.0907 19.7192 28.9268 148.218
714 1 0 128 82 172 0 41 89.5576 18.6463 39.1026 134.541
715 1 0 118 70 156 0 51 87.0503 19.8766 38.315 132.652
716 1 0 102 75 158 0 55 82.5345 19.8105 42.3371 139.885
717 1 0 116 65 140 0 59 85.174 18.9534 36.5732 153.725
718 1 0 105 61 130 0 63 74.2417 19.5975 30.1235 116.336
719 1 0 94 67 123 0 68 75.3532 19.0961 29.4782 119.838
720 1 0 103 71 107 0 70 81.1099 18.7545 34.8115 123.986
721 1 0 96 64 108 0 74 80.8833 20.7635 26.8416 137.587
722 1 0 93 63 100 0 79 81.1345 21.0281 31.7969 139.169
723 1 0 90 61 96 0 85 83.0216 21.1296 36.5645 143.102
724 1 0 93 59 91 0 87 82.2866 21.4603 38.9846 131.942
725 1 0 93 50 90 0 90 76.8205 17.2701 43.1673 120.785
726 1 0 94 54 81 0 92 83.2339 19.7004 44.2804 132.585
727 1 0 87 50 88 0 96 84.9744 20.2851 21.8228 145.874
728 1 0 85 46 94 0 98 86.6957 19.4192 45.0468 139.137
729 1 0 79 48 95 0 100 90.4468 19.9039 47.2632 133.317
730 1 0 75 47 84 0 108 88.7082 21.7021 51.8902 151.725
731 1 0 71 43 87 0 110 87.607 21.96 40.1651 141.308
732 1 0 70 40 85 0 113 90.2838 20.4023 45.8638 129.072
733 1 0 67 42 81 0 116 88.7944 18.5365 49.7055 136.132
734 1 0 72 40 69 0 121 90.964 19.3997 52.6616 135.864
735 1 0 67 39 75 0 125 91.7345 18.4223 57.141 130.941
736 1 0 65 38 72 0 130 94.7757 19.0058 57.7368 148.895
737 1 0 68 36 64 0 134 92.0782 19.2729 58.7549 139.739
738 1 0 63 40 66 0 134 91.0406 21.3935 44.8598 153.592
739 1 0 51 32 71 0 141 85.5515 20.5459 51.8211 159.086
740 1 0 52 33 65 0 141 82.9947 20.3436 43.608 127.15
741 1 0 54 30 61 0 142 83.113 17.9469 43.1216 123.919
742 1 0 51 29 61 0 145 83.7858 18.1396 48.3098 124.237
743 1 0 51 27 59 0 148 82.0497 17.2188 29.748 117.176
744 1 0 57 30 51 0 148 87.1643 18.9564 32.6582 126.311
745 1 0 61 26 55 0 147 84.5726 20.7067 45.2965 157.396
746 1 0 60 31 50 0 147 86.1342 20.8263 47.3035 165.712
747 1 0 64 31 50 0 146 86.9813 20.1089 48.8152 167.406
748 1 0 62 32 44 0 147 84.2923 17.1001 52.5078 124.443
749 1 0 61 32 45 0 146 73.6202 14.5275 40.2385 110.568
750 1 0 57 39 43 0 142 69.7201 14.7888 27.8315 111.407
751 1 0 55 41 46 0 140 67.5325 15.2786 40.6457 103.396
752 1 0 57 40 48 0 136 62.1259 16.5343 19.8428 93.8787
753 1 0 54 41 54 0 131 54.4456 16.4656 19.872 80.5328
754 1 0 61 44 46 0 126 50.2016 17.9819 7.04642 84.9193
755 1 0 57 42 59 0 121 41.2715 16.0727 10.3455 71.1983
756 1 0 60 45 57 0 116 34.4846 15.2951 4.58212 60.4409
757 0.997522 0.00247763 61 43 61 1 112 29.7974 14.8821 2.78846 64.2788
758 0.948303 0.00248898 57 48 64 1 105 21.4794 13.0197 1.4076 69.3743
759 0.919818 0.00248898 57 42 78 1 100 18.2662 11.0949 0.635296 54.62
760 0.883313 0.00248898 59 41 82 1 96 14.626 9.28318 1.11244 47.1409
761 0.872251 0.00248898 55 49 80 1 93 10.6436 6.44479 0.517051 29.6941
762 0.853445 0.00248898 55 52 82 1 89 9.32128 6.02015 1.08824 22.8485
763 0.84985 0.00248898 51 55 88 1 87 8.74629 4.93865 0.786416 21.4644
764 0.822195 0.00248898 58 57 84 1 82 7.44177 4.91197 0.0424158 29.6463
765 0.813898 0.00248898 56 60 90 1 78 7.13895 5.22772 0.31245 30.411
766 0.803942 0.00248898 57 65 86 1 73 6.40817 4.67746 0.178864 26.3357
767 0.815834 0 59 62 96 0 73 6.48279 4.58502 0.212224 22.895
768 0.796752 0 72 63 84 0 68 6.29062 3.95031 0.33024 17.3068
769 0.795922 0 74 67 82 0 66 5.73545 3.50831 0.248359 17.7714
770 0.789838 0 69 66 98 0 63 5.12095 3.03565 0.0324275 15.9717
771 0.790944 0 71 66 104 0 60 5.61852 3.95186 0.211312 26.4933
772 0.79288 0 74 65 110 0 58 5.08472 3.89897 0.0203044 20.7246
773 0.768267 0 81 61 114 0 50 4.68097 3.83089 0.0200992 20.6032
774 0.769096 0 91 55 120 0 48 4.86437 3.93549 0.0137974 16.031
775 0.765778 0 86 57 130 0 45 5.25976 4.42972 0.0191413 20.1788
776 0.773798 0 99 56 124 0 42 5.98797 4.71458 0.021697 23.6421
777 0.773521 0 96 60 126 0 37 6.08321 5.12 0.023902 26.64
778 0.780988 0 95 61 134 0 34 6.4706 5.79127 0.0271285 24.2656
779 0.777116 0 108 59 132 0 29 6.77096 6.32733 0.0198458 29.7973
780 0.785413 0 116 59 132 0 26 7.38046 6.94653 0.0485627 35.0186
781 0.796199 0 118 66 130 0 24 8.52464 7.12638 0.00329296 30.1582
782 0.784307 0 122 73 122 0 15 7.94968 7.04411 0.019177 32.101
783 0.79371 0 132 79 110 0 14 8.41037 7.52288 0.024272 31.0381
784 0.793986 0 135 81 114 0 11 7.99806 7.45639 0.0471753 28.5863
785 0.794816 0 132 91 112 0 8 8.39231 7.1472 0.125926 30.8283
786 0.797858 0 128 94 120 0 4 7.44046 5.77138 0.297311 22.9727
787 0.814451 0 133 96 122 0 4 7.51408 5.37302 0.248245 22.281
788 0.828832 0 140 100 118 0 3 7.76872 5.52413 0.157229 27.1621
789 0.845149 0 140 108 118 0 3 8.48491 5.59333 0.304744 25.9532
790 0.861465 0 145 103 132 0 3 9.87233 6.73204 1.04698 31.1338
791 0.857317 0 134 110 146 0 0 9.69509 6.50473 0.755253 28.4424
792 0.877505 0 131 111 158 0 0 10.7671 6.19724 0.962944 28.101
793 0.899353 0 140 109 162 0 0 12.645 6.79075 0.550291 31.167
794 0.921754 0 139 105 182 0 0 15.5106 6.84371 1.99699 35.5571
795 0.94692 0 135 113 188 0 0 20.3366 7.80724 1.08678 39.3177
796 0.972916 0 142 113 192 0 0 24.8114 9.14057 2.75142 46.6837
797 0.999466 0 139 119 200 0 0 30.6348 10.6786 6.96743 56.8726
798 1 0 151 107 216 0 0 37.5853 12.6633 10.3483 73.0775
799 1 0 169 108 206 0 0 45.7114 14.8186 12.2096 83.8803
800 1 0 171 109 220 0 0 54.7427 16.0162 22.536 105.097
