0 0.0174229 0 6 1 0 0 0 0.00103892 0.00119965 0 0.00242468
1 0.0174229 0 5 2 0 0 0 0.000128899 0.00014884 0 0.000300947
2 0.0174229 0 5 2 0 0 0 0.000122054 0.000140936 0 0.000284962
3 0.0174229 0 5 2 0 0 0 0.000115746 0.000133652 0 0.000270228
4 0.0174229 0 2 5 0 0 0 0.000109917 0.000126922 0 0.000256431
5 0.0174229 0 2 5 0 0 0 0.000104522 0.000120692 0 0.000243845
6 0.0174229 0 2 5 0 0 0 9.95176e-05 0.000114913 0 0.000232171
7 0.0174229 0 2 5 0 0 0 9.48667e-05 0.000109543 0 0.000221322
8 0.0174229 0 2 5 0 0 0 9.05369e-05 0.000104543 0 0.000211221
9 0.0174229 0 2 4 2 0 0 6.45141e-05 9.12367e-05 0 0.000193481
10 0.0176994 0 2 3 4 0 0 7.38985e-05 9.05068e-05 0 0.00018469
11 0.0182526 0 2 3 4 0 0 7.04118e-05 8.62365e-05 0 0.000175977
12 0.0188057 0 2 3 4 0 0 6.71248e-05 8.22108e-05 0 0.000167763
13 0.0193588 0 2 0 10 0 0 8.038e-05 8.038e-05 0 0.00016076
14 0.0207415 0 2 0 10 0 0 7.71265e-05 7.71265e-05 0 0.000154253
15 0.0221243 0 1 1 10 0 0 7.3668e-05 7.3668e-05 0 0
16 0.0235071 0 1 1 10 0 0 7.07274e-05 7.07274e-05 0 0
17 0.0248898 0 1 1 10 0 0 6.78831e-05 6.78831e-05 0 0
18 0.0262726 0 3 1 8 0 0 0.0745842 0.0951871 0 0.232859
19 0.0273788 0 5 1 6 0 0 0.0222161 0.0300205 0 0.0869518
20 0.0282085 0 5 1 6 0 0 0.0100303 0.0164526 0 0.0456459
21 0.0290382 0 4 2 6 0 0 0.00575284 0.00991215 0.000164783 0.0272233
22 0.0298678 0 9 3 0 0 0 0.0539897 0.0698455 2.48189e-05 0.201054
23 0.0298678 0 8 4 0 0 0 0.0205185 0.0261423 2.73447e-06 0.0760719
24 0.0298678 0 8 3 2 0 0 0.0120413 0.0139221 7.46365e-08 0.0400687
25 0.0301444 0 6 5 2 0 0 0.00564669 0.00630215 7.91665e-09 0.0180558
26 0.0304209 0 6 5 2 0 0 0.00352488 0.00385708 1.4259e-09 0.0109458
27 0.0306975 0 6 5 2 0 0 0.00230943 0.00249293 7.95809e-11 0.00699018
28 0.030974 0 5 6 2 0 0 0.00182593 0.00196006 8.1854e-12 0.00545318
29 0.0312506 0 4 7 2 0 0 0.00149485 0.00159863 1.0199e-12 0.00441559
30 0.0315271 0 3 7 4 0 0 0.00139711 0.00135709 1.52757e-13 0.00371923
31 0.0320802 0 3 6 6 0 0 0.00176674 0.00201529 2.6404e-14 0.00320119
32 0.0329099 0 1 7 8 0 0 0.0162276 0.0376652 0.00274184 0.00274184
33 0.0340161 0 2 8 6 0 0 0.0296827 0.0495985 0.0272924 0.138168
34 0.0348458 0 2 6 10 0 0 0.0355611 0.0368015 0.00778227 0.0495913
35 0.0362286 0 2 6 10 0 0 0.0326893 0.0382633 0.00366723 0.0262481
36 0.0376113 0 1 7 10 0 0 0.0325381 0.0404694 0.0166186 0.0166186
37 0.0389941 0 0 7 12 0 0 0.0365564 0.0448107 inf -100
38 0.0406534 0 0 6 14 0 0 0.0251603 0.0395796 inf -100
39 0.0425893 0 2 5 14 0 0 0.00972749 0.00964792 0.0157917 0.0157917
40 0.0445252 0 4 5 12 0 0 0.00958009 0.0118543 0.00176678 0.0350372
41 0.0461845 0 6 3 14 0 0 0.0687404 0.130264 0.000238125 0.421642
42 0.0481204 0 6 2 16 0 0 0.0881517 0.113958 4.02535e-05 0.344615
43 0.0503328 0 8 4 12 0 0 0.105415 0.114147 8.31763e-06 0.329457
44 0.0519921 0 6 6 12 0 0 0.079761 0.0962888 0.00419128 0.299426
45 0.0536514 0 5 6 14 0 0 0.0938491 0.0963419 0.0131003 0.305807
46 0.0555873 0 7 5 14 0 0 0.169121 0.239455 0.00918198 0.906507
47 0.0575232 0 9 5 12 0 0 0.169403 0.202896 0.0104005 0.738291
48 0.0591825 0 11 5 10 0 0 0.147231 0.175618 0.00902902 0.673521
49 0.0605653 0 11 5 10 0 0 0.0782758 0.0838681 0.00684742 0.291928
50 0.0619481 0 14 6 6 0 0 0.0831849 0.139849 0.00739529 0.64002
51 0.0627777 0 13 9 4 0 0 0.0749368 0.108149 0.000740919 0.410853
52 0.0633308 0 9 11 8 0 0 0.127201 0.36887 0.000161859 0.109828
53 0.064437 0 7 11 12 0 0 0.149438 0.272968 3.20517e-05 0.0888705
54 0.0660964 0 7 12 12 0 0 0.13791 0.204314 0.011718 0.247482
55 0.0677557 0 8 13 10 0 0 0.136682 0.192669 0.0184471 0.573924
56 0.0691385 0 8 13 10 0 0 0.0997925 0.150264 0.016174 0.258033
57 0.0705212 0 7 14 10 0 0 0.0837526 0.134092 0.0141326 0.150153
58 0.071904 0 5 16 10 0 0 0.0763713 0.126975 0.0124371 0.102359
59 0.0732868 0 4 16 12 0 0 0.0782006 0.142631 0.010992 0.0394274
60 0.0749461 0 4 13 18 0 0 0.134003 0.211639 0.00972868 0.0292023
61 0.0774351 0 8 9 22 0 0 0.125973 0.158254 0.00858406 0.294083
62 0.0804772 0 12 7 22 0 0 0.118185 0.152321 0.0057824 0.447636
63 0.0835193 0 13 6 24 0 0 0.0686586 0.0729309 0.00349235 0.212597
64 0.0868379 0 11 7 26 0 0 0.0567943 0.0629277 0.000871601 0.207339
65 0.0904331 0 10 8 26 0 0 0.0671156 0.0794961 0.000200979 0.239847
66 0.0940283 0 10 7 28 0 0 0.0699796 0.100225 6.01527e-05 0.37018
67 0.0979001 0 10 5 32 0 0 0.0520188 0.0755503 3.13006e-05 0.245476
68 0.102325 0 11 5 32 0 0 0.113717 0.164923 2.44988e-05 0.681336
69 0.10675 0 17 5 26 0 0 0.183265 0.274779 2.29757e-05 0.957397
70 0.110345 0 24 6 18 0 0 0.252116 0.410541 0.00151766 1.72585
71 0.112834 0 27 7 14 0 0 0.157432 0.244491 0.00152991 1.2309
72 0.11477 0 29 8 12 0 0 0.131806 0.188169 0.00599566 0.926748
73 0.116429 0 26 11 14 0 0 0.0938915 0.137941 0.00334666 0.785761
74 0.118365 0 23 13 16 0 0 0.112045 0.168455 0.00643874 0.800675
75 0.120577 0 25 13 14 0 0 0.133121 0.168113 0.00315168 0.730373
76 0.122513 0 28 14 10 0 0 0.164192 0.247897 0.000692146 0.831555
77 0.123896 0 27 16 10 0 0 0.197375 0.338197 0.000722162 1.61304
78 0.125279 0 26 17 10 0 0 0.147451 0.249316 0.00158311 0.73379
79 0.126662 0 24 18 12 0 0 0.129751 0.232673 0.00212594 0.599841
80 0.128321 0 22 19 14 0 0 0.21785 0.381414 0.00251746 0.923935
81 0.130257 0 22 19 16 0 0 0.180465 0.338213 0.00277759 1.08354
82 0.132469 0 26 14 22 0 0 0.258879 0.390363 0.00591878 1.17354
83 0.135511 0 27 12 26 0 0 0.401736 0.649367 9.27873e-05 3.7743
84 0.139107 0 27 12 26 0 0 0.334714 0.446369 0.00246631 2.39637
85 0.142702 0 23 15 28 0 0 0.373544 0.641597 0.00345755 3.61798
86 0.146574 0 24 13 32 0 0 0.353197 0.439406 0.00610287 2.50011
87 0.150998 0 19 17 34 0 0 0.489619 0.706904 0.029914 3.11039
88 0.1557 0 19 17 36 0 0 0.561928 0.846562 0.0345738 3.67401
89 0.160678 0 19 17 38 0 0 0.774598 1.21427 0.0378945 5.25163
90 0.165932 0 22 16 38 0 0 0.797689 1.07485 0.0404283 3.99621
91 0.171187 0 29 19 28 0 0 0.713107 0.835975 0.0118008 3.05805
92 0.175059 0 32 21 24 0 0 0.645058 0.664173 0.0195291 2.46959
93 0.178377 0 31 22 24 0 0 0.540892 0.555444 0.0119712 2.09521
94 0.181696 0 28 23 30 0 0 0.652177 0.727524 0.0173366 3.0362
95 0.185844 0 29 27 26 0 0 0.532154 0.605396 0.0179015 1.99676
96 0.189439 0 29 24 34 0 0 0.527315 0.558985 0.00897062 1.82068
97 0.194141 0 32 23 34 0 0 0.460335 0.430202 0.0416947 1.51472
98 0.198842 0 34 23 34 0 0 0.433702 0.391663 0.0209946 1.52008
99 0.203544 0 34 26 32 0 0 0.409573 0.422841 0.00887403 1.95004
100 0.207968 0 30 27 38 0 0 0.395733 0.437368 0.00688841 1.79937
101 0.213223 0 30 26 42 0 0 0.336941 0.366066 0.00994315 1.69334
102 0.219031 0 29 26 44 0 0 0.374798 0.401034 0.0277476 1.69562
103 0.225115 0 37 21 46 0 0 0.489938 0.548715 0.0537796 1.91952
104 0.231476 0 36 19 54 0 0 0.624787 0.623327 0.0106952 1.95621
105 0.238943 0 41 22 48 0 0 0.955398 1.07245 0.0133317 5.44824
106 0.24558 0 43 23 46 0 0 0.900959 1.09172 0.014688 4.26869
107 0.251941 0 42 26 46 0 0 0.847637 1.1431 0.022912 4.04134
108 0.258301 0 41 25 52 0 0 1.01447 1.38212 0.0272474 5.39023
109 0.265492 0 43 25 54 0 0 1.10157 1.5968 0.0159069 6.24085
110 0.272959 0 45 27 52 0 0 0.972174 1.31055 0.00552686 5.62968
111 0.280149 0 46 27 52 0 0 1.02443 1.36831 0.00834602 5.34705
112 0.287339 0 53 30 42 0 0 1.04543 1.38925 0.0128814 6.45629
113 0.293147 0 61 29 38 0 0 1.19928 1.86629 0.0122801 8.42309
114 0.298402 0 63 26 44 0 0 1.08743 1.76425 0.0085804 9.86469
115 0.304486 0 60 29 46 0 0 0.943665 1.59793 0.00600401 9.44142
116 0.310847 0 62 26 52 0 0 0.999887 1.44682 0.00514576 7.15853
117 0.318037 0 65 28 50 0 0 0.939952 1.34123 0.0505688 6.10804
118 0.324951 0 68 29 50 0 0 1.38344 2.16464 0.0230975 10.5217
119 0.331865 0 68 29 54 0 0 1.40808 2.17419 0.00804976 11.3319
120 0.339332 0 66 32 54 0 0 1.42041 2.18308 0.0121198 10.604
121 0.346799 0 62 33 60 0 0 1.37199 2.00147 0.023186 9.27577
122 0.355095 0 67 32 58 0 0 1.4358 1.88326 0.0166194 8.67266
123 0.363115 0 75 32 52 0 0 1.59232 1.98776 0.00454802 9.28315
124 0.370306 0 77 29 58 0 0 1.58159 1.75349 0.0129527 8.05707
125 0.378326 0 84 30 52 0 0 1.31726 1.49822 0.0123002 7.06307
126 0.385516 0 85 30 56 0 0 1.22812 1.27154 0.0394445 6.03762
127 0.39326 0 87 31 58 0 0 1.21651 1.22036 0.0525326 5.27668
128 0.40128 0 92 30 58 0 0 1.0692 1.02644 0.00904731 4.44799
129 0.4093 0 88 32 64 0 0 1.10758 1.08945 0.00386424 4.93065
130 0.41566 0.00248898 89 32 66 1 0 1.10495 0.975574 0.014985 4.62206
131 0.424787 0.00248898 88 36 64 1 0 1.01195 0.968 0.0130723 4.46177
132 0.433636 0.00248898 82 44 64 1 0 1.05961 1.06124 0.0102568 4.62577
133 0.442486 0.00248898 89 45 58 1 0 1.08928 1.09375 0.00923359 5.05183
134 0.450506 0.00248898 90 45 60 1 0 1.2099 1.38723 0.0108861 6.03435
135 0.458803 0.00248898 95 45 60 1 0 1.25802 1.38971 0.0151066 6.37655
136 0.467099 0.00248898 100 44 62 1 0 1.20569 1.19621 0.0124249 6.01569
137 0.475673 0.00248898 102 47 60 1 0 1.24778 1.21475 0.000341806 6.42384
138 0.483969 0.00248898 109 42 64 1 0 1.36314 1.3703 0.0152954 6.81195
139 0.49033 0.00497797 114 40 64 2 0 1.36323 1.43201 0.00630892 8.14478
140 0.49918 0.00248898 112 39 72 1 0 1.38663 1.55283 0.00410532 7.39997
141 0.509136 0.00248898 111 34 88 1 0 1.59382 1.5759 0.00943656 6.69937
142 0.521304 0.00248898 105 41 90 1 0 1.62226 1.58673 0.00393266 6.18735
143 0.533749 0.00248898 103 46 90 1 0 1.95345 1.78576 0.0186018 6.42832
144 0.546194 0.00248898 108 46 90 1 0 2.26754 2.12037 0.0389079 8.21204
145 0.558639 0.00248898 113 48 88 1 0 2.35471 2.33779 0.0356466 10.8539
146 0.568318 0.00497797 115 45 94 2 0 2.40739 2.88573 0.0393361 17.7197
147 0.581316 0.00497797 119 52 84 2 0 2.52085 2.92622 0.0469703 16.9692
148 0.590442 0.00746695 122 54 80 3 0 2.75303 2.95584 0.0380715 14.8411
149 0.601505 0.00497797 130 52 78 2 0 3.2101 3.19558 0.0800655 15.4315
150 0.61229 0.00497797 142 55 68 2 0 3.47491 3.12673 0.0335318 14.5469
151 0.621693 0.00497797 147 46 82 2 0 3.30288 2.96347 0.00931773 14.1734
152 0.633032 0.00497797 149 42 92 2 0 3.48909 3.20082 0.0371631 13.2942
153 0.645753 0.00497797 156 40 92 2 0 3.75731 3.28647 0.0163212 13.4242
154 0.658475 0.00497797 164 35 96 2 0 3.94283 3.36304 0.0322177 13.4103
155 0.671749 0.00497797 173 35 90 2 0 4.07009 3.28616 0.0260561 14.0133
156 0.684194 0.00248898 172 30 104 1 0 4.33619 3.50079 0.0268056 15.8216
157 0.698575 0.00248898 174 28 108 1 0 5.04498 3.86196 0.0201762 19.9684
158 0.713509 0 178 30 104 0 0 5.47261 3.98852 0.0110736 20.4817
159 0.72789 0 188 22 110 0 0 5.73673 4.00718 0.0218558 18.3524
160 0.7431 0 205 24 92 0 0 6.47339 4.35744 0.130009 22.4663
161 0.755822 0 219 22 84 0 0 6.9984 4.52609 0.0811135 21.3545
162 0.767437 0 228 20 80 0 0 6.85602 4.35805 0.372217 24.2221
163 0.778499 0 239 21 70 0 0 7.12964 4.7555 0.306526 25.3369
164 0.788178 0 240 23 70 0 0 7.46845 4.9195 0.2079 23.1933
165 0.797858 0 255 21 60 0 0 7.69231 5.13492 0.11228 24.7743
166 0.806154 0 260 22 56 0 0 8.38358 5.47868 0.22418 28.5781
167 0.813898 0 260 22 60 0 0 9.12369 5.61896 0.185549 29.9612
168 0.822195 0 274 24 44 0 0 9.70644 5.79021 0.16487 30.2043
169 0.828279 0 275 22 48 0 0 10.4952 5.89941 0.217821 30.4261
170 0.834916 0 282 21 44 0 0 10.9127 6.20906 0.459899 31.1232
171 0.841 0 288 20 40 0 0 11.1943 6.5802 0.405291 30.3914
172 0.846531 0 292 17 42 0 0 11.3985 6.51674 0.151423 30.0694
173 0.852339 0 295 15 46 0 0 11.8131 6.73843 0.0971586 33.7723
174 0.8587 0 300 15 42 0 0 11.8428 6.70962 0.170955 35.1176
175 0.864507 0 301 15 44 0 0 11.6787 6.66238 0.105681 36.3157
176 0.870591 0 307 13 44 0 0 11.9007 6.571 0.520887 34.4912
177 0.876676 0 304 14 48 0 0 12.4744 6.56484 0.256726 33.1716
178 0.883313 0 310 13 44 0 0 13.0588 6.75022 0.546563 32.8448
179 0.889397 0 314 12 42 0 0 13.3725 6.8185 0.508458 34.6401
180 0.895205 0 316 12 40 0 0 13.4626 6.73129 0.516364 35.2237
181 0.900736 0 322 12 34 0 0 13.7103 6.86958 0.597805 33.5465
182 0.905437 0 331 10 30 0 0 13.9324 7.01959 0.60146 34.6081
183 0.907097 0.00248898 332 9 30 1 0 13.9759 6.95386 0.167698 36.3913
184 0.911245 0.00248898 331 7 30 1 1 9.6518 4.34839 0.104582 27.0971
185 0.915393 0.00248898 336 8 26 1 1 10.4646 4.51936 0.0698979 29.0108
186 0.918988 0.00248898 339 6 28 1 1 11.3346 4.66367 0.0947997 31.4506
187 0.92286 0.00248898 341 6 26 1 1 11.8432 4.80745 0.916097 32.4607
188 0.926455 0.00248898 343 6 24 1 1 12.2806 4.92863 0.247064 33.3129
189 0.929774 0.00248898 342 7 24 1 1 12.6173 4.96073 0.447691 34.2504
190 0.933093 0.00248898 342 7 24 1 1 12.6586 4.98573 0.521415 34.9043
191 0.933922 0.00497797 347 6 20 2 1 12.7634 5.1124 0.312562 35.2505
192 0.936688 0.00497797 349 6 18 2 1 12.8868 5.22614 0.139712 35.2676
193 0.939177 0.00248898 355 5 14 1 1 13.0483 5.49639 0.139589 36.6302
194 0.941113 0.00248898 358 3 16 1 1 13.1265 5.33808 0.65055 39.6141
195 0.943325 0.00248898 363 3 12 1 1 13.2922 5.32521 0.243786 38.5172
196 0.944984 0.00248898 357 5 12 1 2 12.7894 4.49839 0.443164 32.5554
197 0.946644 0.00248898 356 6 12 1 2 13.0866 4.58535 0.420855 32.968
198 0.948303 0.00248898 356 5 14 1 2 13.5211 4.76236 0.767898 33.0332
199 0.950239 0.00248898 356 5 14 1 2 13.8171 4.83127 0.168545 32.5393
200 0.952175 0.00248898 357 6 12 1 2 14.1743 4.8632 0.869741 31.9195
201 0.953834 0 357 6 12 0 2 14.5056 4.91016 1.24811 31.5931
202 0.955494 0 359 6 10 0 2 14.9547 5.20882 1.8123 35.4613
203 0.956876 0 364 6 6 0 2 15.3337 5.2797 2.46295 35.0952
204 0.952728 0.00497797 363 6 6 2 2 15.2572 5.19056 3.62553 34.3106
205 0.953558 0.00497797 363 4 10 2 2 15.5743 5.202 2.34289 34.8074
206 0.95494 0.00497797 363 3 12 2 2 15.9197 5.23345 1.70687 39.4519
207 0.9566 0.00497797 365 3 10 2 2 16.2906 5.25953 2.09933 41.9494
208 0.957983 0.00497797 365 3 10 2 2 16.6053 5.30199 2.87282 42.4029
209 0.959365 0.00497797 364 3 12 2 2 17.173 5.70962 2.74822 42.1209
210 0.961025 0.00497797 364 3 12 2 2 17.6228 5.91572 2.74529 39.7341
211 0.962684 0.00497797 364 3 12 2 2 18.1216 6.08212 2.32891 40.9038
212 0.961854 0.00746695 359 2 12 3 3 18.3467 6.12742 1.14236 40.7342
213 0.963514 0.00746695 361 1 12 3 3 18.806 6.23313 0.840342 40.7211
214 0.965173 0.00248898 364 2 8 1 3 18.9524 6.52468 1.18468 43.5642
215 0.966279 0.00248898 366 2 6 1 3 19.1251 6.53277 0.839382 44.21
216 0.967109 0.00248898 366 2 6 1 3 19.1623 6.47196 1.20781 44.5348
217 0.967938 0.00248898 366 2 6 1 3 19.1578 6.35641 1.21392 44.3615
218 0.968768 0.00248898 368 1 6 1 3 18.9839 6.34035 1.22548 44.3328
219 0.969598 0.00248898 368 1 6 1 3 18.636 6.34961 1.30256 44.1619
220 0.970427 0.00248898 368 1 6 1 3 18.3888 6.33373 1.35695 43.7655
221 0.971257 0.00248898 370 1 4 1 3 18.435 6.36994 1.36418 43.2005
222 0.97181 0 372 1 2 0 3 18.2347 6.24943 1.3632 42.6644
223 0.972087 0 372 0 4 0 3 18.052 6.2006 1.42184 42.2042
224 0.97264 0 372 0 4 0 3 18.0993 6.15814 1.48305 41.7693
225 0.973193 0 372 0 4 0 3 18.1953 6.11947 1.52385 41.4898
226 0.973746 0 372 0 4 0 3 18.3006 6.10198 1.53516 41.2844
227 0.959365 0 369 0 2 0 3 15.9453 5.90983 2.6597 38.9556
228 0.959642 0 369 0 2 0 3 15.9284 5.86851 2.57688 39.1076
229 0.959918 0 367 0 2 0 4 14.2016 5.43573 3.34511 39.9818
230 0.960195 0 367 0 2 0 4 14.2373 5.42642 3.42 39.7839
231 0.960471 0 367 0 2 0 4 14.2871 5.39966 3.50053 39.6661
232 0.960748 0 365 0 0 0 5 14.6839 5.56342 3.82033 39.9658
233 0.958259 0.00248898 363 1 0 1 5 14.6937 5.5611 3.8228 40.0751
234 0.958259 0.00248898 362 2 0 1 5 14.7002 5.55776 3.82685 41.3406
235 0.958259 0.00248898 362 2 0 1 5 14.6923 5.52006 3.83307 40.4128
236 0.958259 0.00248898 353 2 0 1 6 14.3409 5.58845 2.63339 41.2592
237 0.95577 0.00497797 352 2 0 2 6 14.3331 5.58444 2.63377 40.0995
238 0.95577 0.00497797 352 2 0 2 6 14.3343 5.59679 2.63422 41.2477
239 0.945814 0.00497797 352 2 0 2 5 13.729 5.27341 2.56511 40.7295
240 0.945814 0.00497797 352 2 0 2 5 13.7426 5.22818 2.52913 40.5638
241 0.945814 0.00497797 352 2 0 2 5 13.6743 5.22629 2.51435 40.4032
242 0.945814 0.00497797 352 1 2 2 5 13.7003 5.31584 2.49811 42.289
243 0.946091 0.00248898 352 0 4 1 5 13.621 5.41782 1.8006 42.5702
244 0.946644 0.00248898 352 0 4 1 5 13.5845 5.43632 1.66072 42.5543
245 0.947197 0.00248898 352 0 4 1 5 13.5974 5.44549 1.44695 42.5906
246 0.94775 0.00248898 351 1 4 1 5 13.6162 5.452 2.20395 42.1379
247 0.948303 0 344 1 4 0 6 12.1535 5.08076 1.96314 34.8018
248 0.948856 0 344 1 4 0 6 12.2019 5.09526 2.03463 34.6743
249 0.949409 0 343 2 4 0 6 12.2986 5.10602 2.05844 35.0393
250 0.949962 0 342 3 4 0 6 12.4016 5.11162 2.0605 35.2203
251 0.950516 0 344 3 2 0 6 12.5892 5.18957 2.02377 35.4345
252 0.950792 0 346 3 0 0 6 12.7069 5.25753 1.88732 35.8932
253 0.950792 0 346 3 0 0 6 12.7089 5.19811 1.73797 36.3369
254 0.950792 0 346 3 0 0 6 12.698 5.13309 1.60117 35.9154
255 0.935858 0 345 3 2 0 5 11.8011 4.93758 1.64959 31.3618
256 0.936135 0 345 3 2 0 5 11.6887 4.88192 1.6058 30.9411
257 0.936411 0 345 3 2 0 5 11.6082 4.76366 2.04233 30.5887
258 0.936688 0 342 5 4 0 5 11.5151 4.70808 2.15664 30.2899
259 0.937241 0 342 4 6 0 5 11.3499 4.71702 1.90733 29.9897
260 0.938071 0 341 5 6 0 5 11.4094 4.67251 2.52185 29.6594
261 0.9389 0 340 6 6 0 5 11.545 4.63141 2.69959 29.2721
262 0.93973 0 340 6 6 0 5 11.6949 4.62282 2.14305 28.8759
263 0.94056 0 340 6 6 0 5 11.8419 4.64755 1.01475 29.168
264 0.941389 0 341 6 6 0 5 12.2548 4.94729 0.187438 36.3814
265 0.942219 0 341 6 6 0 5 12.341 4.90173 0.103515 33.1417
266 0.943049 0 341 6 6 0 5 12.3873 4.88675 0.115422 31.0538
267 0.943878 0 342 4 10 0 5 12.6775 5.13719 0.661855 32.7595
268 0.945261 0 344 4 8 0 5 12.6131 5.17866 0.365082 33.3372
269 0.946367 0 342 5 10 0 5 12.7591 5.14986 0.255898 33.8614
270 0.935305 0 342 4 12 0 4 12.701 5.00489 0.1163 28.7466
271 0.936964 0 342 4 12 0 4 12.6679 5.03216 0.0528151 29.1674
272 0.933646 0 342 4 12 0 3 12.3049 5.21557 0.722074 31.2923
273 0.935305 0 342 5 12 0 3 12.3601 5.13078 1.13771 31.1346
274 0.936964 0 341 6 12 0 3 12.0725 5.02301 0.246184 30.8154
275 0.928668 0 341 6 12 0 2 11.6968 4.95752 0.218731 30.1799
276 0.930327 0 346 6 8 0 2 11.8232 5.01878 0.267544 29.7841
277 0.928944 0.00248898 342 9 8 1 2 11.6221 5.08489 0.247355 30.0424
278 0.930051 0.00248898 344 7 10 1 2 11.9237 5.45256 0.166459 31.1864
279 0.909032 0.00248898 346 7 8 1 1 11.5954 6.01056 0.710665 42.7848
280 0.910139 0.00248898 343 10 8 1 1 11.53 5.98587 0.759741 40.6766
281 0.911245 0.00248898 338 11 8 1 2 9.26516 4.35505 0.277183 24.985
282 0.912351 0.00248898 338 11 10 1 2 9.71561 4.59986 0.478182 25.0671
283 0.911245 0.00497797 337 10 12 2 2 9.8633 4.69201 0.725267 25.6855
284 0.912904 0.00497797 337 10 12 2 2 10.0707 4.81661 0.38171 26.3222
285 0.914564 0.00497797 337 11 12 2 2 10.3661 4.88341 0.21224 26.9543
286 0.916223 0.00497797 337 8 18 2 2 11.1794 5.29729 0.122751 29.6919
287 0.918712 0.00248898 340 9 14 1 2 11.5414 5.26522 0.174458 26.956
288 0.920648 0.00248898 340 9 14 1 2 11.7066 4.97373 0.312138 25.9902
289 0.922584 0.00248898 340 6 20 1 2 11.7159 4.83014 0.570334 26.0823
290 0.905437 0.00497797 339 5 22 2 1 11.0808 4.79384 0.470967 26.6434
291 0.908479 0.00497797 343 3 22 2 1 10.9643 4.86058 0.244324 30.765
292 0.911521 0.00497797 344 4 20 2 1 11.0579 4.89935 0.252604 32.6312
293 0.914287 0.00248898 340 8 20 1 1 11.1629 4.77334 0.166965 32.3981
294 0.917053 0.00248898 342 6 22 1 1 11.2808 4.72644 0.357779 33.4199
295 0.920095 0.00248898 346 8 16 1 1 11.5084 4.96636 0.650308 33.2016
296 0.922307 0.00248898 346 7 18 1 1 11.5968 5.15066 0.673876 31.7097
297 0.924796 0.00248898 346 7 18 1 1 11.6643 5.20334 0.928839 29.0281
298 0.927285 0.00248898 350 9 12 1 1 11.8309 5.27857 0.934419 30.0367
299 0.928944 0.00248898 351 10 10 1 1 11.9923 5.35454 0.476723 31.3265
300 0.930327 0 355 10 6 0 1 12.2118 5.71034 0.438872 33.7824
301 0.931157 0 355 9 8 0 1 12.423 5.69288 0.501761 32.1062
302 0.932263 0 355 5 16 0 1 13.0934 5.77253 0.0863567 35.4079
303 0.934475 0 359 5 12 0 1 13.5878 5.82155 0.147513 34.513
304 0.936135 0 359 3 16 0 1 13.811 5.81252 0.307926 33.7037
305 0.938347 0 361 3 14 0 1 13.9969 5.86152 0.554621 34.8382
306 0.940283 0 361 3 14 0 1 14.0201 5.59925 0.771145 32.9444
307 0.93973 0.00248898 360 1 18 1 1 14.2977 5.45166 1.55088 31.7165
308 0.942219 0.00248898 359 1 20 1 1 14.7272 5.39218 2.51704 36.7098
309 0.944984 0.00248898 359 1 20 1 1 15.158 5.3882 1.52548 40.445
310 0.945261 0.00497797 358 3 18 2 1 15.6099 5.38196 1.43516 41.3741
311 0.94775 0.00497797 366 3 10 2 1 16.3296 5.72635 1.68172 41.3637
312 0.949133 0.00497797 364 5 10 2 1 16.5778 5.66872 0.75138 41.0162
313 0.948027 0.00746695 367 5 6 3 1 16.9748 5.70477 0.0906396 40.3034
314 0.948856 0.00746695 367 5 6 3 1 17.1021 5.59459 0.309227 38.6239
315 0.949686 0.00746695 367 5 6 3 1 17.1546 5.53695 0.452685 35.8822
316 0.950516 0.00746695 371 5 2 3 1 17.3483 5.94661 1.05893 47.5684
317 0.950792 0.00497797 373 4 2 2 1 16.9351 5.515 1.76687 42.495
318 0.951069 0.00497797 368 4 2 2 2 15.2254 5.1636 0.0630303 38.7742
319 0.951345 0.00497797 368 2 6 2 2 15.6192 5.16485 0.064115 38.9701
320 0.952175 0.00248898 368 2 6 1 2 15.5949 5.1917 0.0635615 39.7101
321 0.953005 0.00248898 362 0 10 1 3 15.4808 4.85616 0.746405 38.8071
322 0.954387 0.00248898 362 0 10 1 3 15.706 4.93178 0.798129 38.7302
323 0.95577 0 357 0 10 0 4 14.8375 4.57709 1.90795 33.8321
324 0.944708 0.00248898 356 0 10 1 3 14.7303 4.69999 0.223873 35.0853
325 0.946091 0.00248898 355 1 10 1 3 14.8729 4.8213 0.114895 35.8593
326 0.947473 0.00248898 357 1 8 1 3 14.8815 4.8208 0.0794376 35.2545
327 0.94858 0.00248898 356 2 8 1 3 14.8106 4.77049 0.0733392 35.0927
328 0.949686 0.00248898 360 2 4 1 3 14.9966 4.99872 0.0888734 37.7552
329 0.950239 0.00248898 360 2 4 1 3 14.9761 4.93304 0.097457 35.4721
330 0.950792 0.00248898 363 3 0 1 3 15.0518 5.0003 0.0934005 34.7482
331 0.950792 0.00248898 362 4 0 1 3 14.8883 4.9341 0.0832428 35.2047
332 0.950792 0.00248898 362 4 0 1 3 14.675 4.8482 0.0618071 35.3648
333 0.950792 0.00248898 361 5 0 1 3 14.4521 4.74546 0.0569207 35.3664
334 0.950792 0 360 5 2 0 3 13.9786 4.73229 0.0755606 35.2779
335 0.951069 0 360 5 2 0 3 13.86 4.63838 0.0834869 35.103
336 0.951345 0 360 4 4 0 3 13.9603 4.62203 0.0917126 35.4067
337 0.951898 0 360 4 4 0 3 13.9213 4.56917 0.606102 34.9258
338 0.952451 0 358 6 4 0 3 13.9299 4.54042 1.42974 34.3238
339 0.950516 0.00248898 357 5 6 1 3 14.1092 4.6566 0.973301 34.0556
340 0.951345 0.00248898 357 4 8 1 3 14.2483 4.57065 1.99392 34.5898
341 0.952451 0.00248898 355 6 8 1 3 14.2293 4.46733 1.82989 35.1701
342 0.953558 0.00248898 355 5 10 1 3 14.3634 4.54934 1.84071 35.4726
343 0.95494 0.00248898 357 4 10 1 3 14.4957 4.57154 2.13146 35.7538
344 0.956323 0.00248898 357 4 10 1 3 14.5403 4.63894 2.0592 36.5104
345 0.957706 0.00248898 359 4 8 1 3 14.6302 4.90578 2.24977 37.6187
346 0.958812 0.00248898 359 4 8 1 3 14.643 4.86006 2.56257 38.3514
347 0.959918 0.00248898 359 2 12 1 3 15.1561 5.06377 3.01285 38.7441
348 0.961578 0.00248898 360 3 10 1 3 15.2969 4.79005 3.35076 38.9746
349 0.96296 0 362 3 8 0 3 15.5081 4.88122 2.98517 38.9283
350 0.964067 0 362 1 12 0 3 15.5464 4.93348 2.91901 38.4166
351 0.965726 0 364 1 10 0 3 15.715 4.96106 2.32192 38.0922
352 0.967109 0 365 2 8 0 3 15.9873 5.36924 1.92597 39.8486
353 0.968215 0 364 3 8 0 3 16.0895 5.50318 2.64885 40.604
354 0.969321 0 360 3 8 0 4 15.9248 4.88917 1.49029 35.9911
355 0.970427 0 360 3 8 0 4 16.0696 4.93964 1.40604 36.5017
356 0.971534 0 364 3 4 0 4 16.3802 5.15462 1.2295 36.7958
357 0.972087 0 364 2 6 0 4 16.6154 5.21274 0.949795 36.6094
358 0.972916 0 358 2 6 0 5 16.5265 4.54778 1.624 36.5307
359 0.973746 0 362 2 2 0 5 16.7307 4.61814 1.60708 36.5899
360 0.974023 0 362 2 2 0 5 16.7858 4.60168 1.58932 36.7295
361 0.959365 0.00248898 361 1 4 1 4 16.2826 4.58988 1.71332 34.1751
362 0.959918 0.00248898 361 0 6 1 4 16.3381 4.77225 1.26681 33.5781
363 0.960748 0.00248898 360 1 6 1 4 16.203 4.7507 1.07749 33.3925
364 0.946644 0.00248898 359 2 6 1 3 15.6881 4.72621 1.29025 33.1219
365 0.947473 0.00248898 359 2 6 1 3 15.3098 4.75645 1.37179 32.7675
366 0.935858 0.00248898 360 3 4 1 2 14.6127 4.99814 1.35503 36.0358
367 0.936411 0.00248898 357 6 4 1 2 14.1441 5.1046 1.0404 34.4584
368 0.936964 0.00248898 356 7 4 1 2 13.714 5.18513 1.42104 33.2007
369 0.937518 0.00248898 356 7 4 1 2 13.1756 5.16632 1.05528 35.1459
370 0.938071 0.00248898 354 9 2 1 3 11.2637 3.76911 0.301995 31.2616
371 0.938347 0 356 9 0 0 3 10.9104 3.63842 0.381697 31.2667
372 0.938347 0 354 10 2 0 3 10.9185 3.68977 0.438097 33.0115
373 0.938624 0 353 10 4 0 3 10.9111 3.70075 0.209811 33.2054
374 0.936688 0.00248898 351 11 4 1 3 10.9302 3.69937 0.0876774 33.3676
375 0.937241 0.00248898 350 11 6 1 3 11.1935 3.96373 0.0593506 33.6711
376 0.938071 0.00248898 349 9 12 1 3 11.707 4.26037 0.591352 33.9183
377 0.93973 0.00248898 349 8 14 1 3 12.1605 4.41048 2.62031 34.2848
378 0.941666 0.00248898 349 8 14 1 3 12.5096 4.44373 0.557492 34.7215
379 0.943602 0.00248898 348 7 18 1 3 12.9921 4.55793 2.39874 36.4296
380 0.946091 0.00248898 347 8 18 1 3 13.4242 4.83857 2.61261 36.0449
381 0.94858 0.00248898 349 6 20 1 3 14.0899 5.23214 0.383445 37.6214
382 0.951345 0.00248898 344 5 20 1 4 13.7913 4.15242 1.72225 33.6251
383 0.954111 0.00248898 344 4 22 1 4 14.3617 4.35129 0.90872 33.7503
384 0.957153 0 345 4 22 0 4 15.1417 5.103 0.332412 35.7627
385 0.960195 0 347 4 16 0 5 15.7552 5.11122 0.292587 39.6328
386 0.962407 0 344 4 14 0 6 16.2327 5.13206 2.95039 37.6864
387 0.964343 0 344 4 14 0 6 16.6601 5.36469 3.00091 40.0552
388 0.966279 0 348 3 12 0 6 17.386 5.7367 3.13801 41.5392
389 0.967938 0 348 2 14 0 6 17.9268 5.94606 3.35244 41.8629
390 0.969874 0 352 2 10 0 6 18.5569 6.50889 3.40443 47.1344
391 0.971257 0 352 1 10 0 7 17.2706 5.15291 1.54102 37.1454
392 0.97264 0 354 1 8 0 7 17.4806 5.2024 2.75681 37.1259
393 0.973746 0 356 0 8 0 7 17.7695 5.17326 4.66081 38.6059
394 0.972363 0.00248898 354 1 8 1 7 18.0145 5.18113 4.88388 40.1705
395 0.97347 0.00248898 353 2 8 1 7 18.2772 5.20524 4.67439 41.6738
396 0.974576 0.00248898 353 2 8 1 7 18.5953 5.22662 3.96556 41.5469
397 0.965726 0.00248898 355 2 6 1 6 18.6672 5.41367 4.74347 39.8088
398 0.966556 0.00248898 357 2 4 1 6 18.7579 5.71022 2.42234 45.3975
399 0.967109 0.00248898 357 2 4 1 6 18.5281 5.80913 1.44049 43.1963
400 0.967662 0.00248898 359 2 2 1 6 18.4536 5.90847 1.04384 41.0387
401 0.953005 0.00248898 359 2 2 1 5 17.9352 5.89758 0.960483 39.4747
402 0.953281 0.00248898 359 4 0 1 5 17.5254 5.94201 1.08056 38.4582
403 0.953281 0.00248898 355 3 2 1 6 15.2562 4.75694 2.87102 33.3377
404 0.953558 0 355 2 4 0 6 15.1828 4.70272 3.0979 33.3624
405 0.954111 0 355 2 4 0 6 15.2411 4.68016 3.51404 33.2268
406 0.954664 0 355 2 4 0 6 15.3146 4.695 3.84177 33.2583
407 0.955217 0 355 2 4 0 6 15.3897 4.73816 4.20699 33.2987
408 0.95577 0 355 2 4 0 6 15.4543 4.76417 4.00686 33.3348
409 0.956323 0 355 2 4 0 6 15.5087 4.78449 3.4641 33.3377
410 0.956876 0 355 2 4 0 6 15.542 4.80946 3.09853 33.2744
411 0.957429 0 355 0 8 0 6 15.7036 4.75565 2.8572 33.7383
412 0.958536 0 356 1 6 0 6 15.7421 4.76453 2.6507 33.3973
413 0.951898 0.00248898 357 1 4 1 5 15.3237 4.87219 2.45151 33.5967
414 0.952451 0.00248898 357 1 4 1 5 15.2454 4.84203 1.78291 35.4165
415 0.953005 0.00248898 357 1 4 1 5 15.2301 4.88087 1.82748 36.0059
416 0.953558 0.00248898 357 1 4 1 5 15.2546 4.92375 2.33853 35.9272
417 0.954111 0.00248898 356 2 4 1 5 15.2863 4.97348 2.59446 35.2729
418 0.954664 0.00248898 356 2 4 1 5 15.3347 5.05511 2.85355 34.5405
419 0.952728 0.00497797 355 2 4 2 5 15.4062 5.15371 3.12209 34.2941
420 0.953281 0.00497797 359 2 0 2 5 15.4821 5.23952 2.64778 33.8416
421 0.953281 0.00497797 359 1 2 2 5 15.2548 5.22596 2.33059 33.7001
422 0.953558 0.00497797 359 1 2 2 5 15.1872 5.07871 2.78142 33.6919
423 0.953834 0.00248898 359 1 2 1 5 15.1782 4.97335 2.84715 33.7032
424 0.954111 0.00248898 359 1 2 1 5 15.1894 4.8695 2.89578 33.6876
425 0.936964 0.00248898 359 1 2 1 4 14.3061 4.76886 1.27574 32.9459
426 0.937241 0.00248898 359 0 4 1 4 14.2021 4.73118 0.882958 34.6233
427 0.937794 0.00248898 359 0 4 1 4 14.1575 4.64458 0.684199 34.7736
428 0.928391 0.00248898 358 1 4 1 3 13.8741 4.89659 0.46003 35.1625
429 0.916499 0 357 2 4 0 2 13.1846 5.12711 0.353341 35.4325
430 0.917053 0 359 2 2 0 2 12.9847 5.28723 0.0784073 35.55
431 0.917329 0 357 4 2 0 2 12.6714 5.26977 0.063342 35.6449
432 0.917606 0 357 4 2 0 2 12.4206 5.31196 0.0617734 35.6583
433 0.917882 0 355 6 2 0 2 12.146 5.3821 0.12084 35.3525
434 0.913181 0 354 7 2 0 1 11.6079 5.39389 0.156038 34.9894
435 0.913457 0 355 8 0 0 1 11.3384 5.49145 0.15739 34.575
436 0.913457 0 353 10 0 0 1 10.9838 5.43264 0.0912521 33.511
437 0.913457 0 351 11 2 0 1 10.8271 5.38777 0.277938 32.779
438 0.913734 0 350 11 4 0 1 10.62 5.29576 0.229738 32.1328
439 0.914287 0 348 13 4 0 1 10.4743 5.19415 0.209382 31.5693
440 0.91484 0 346 13 8 0 1 10.4879 5.04684 0.144265 31.2145
441 0.915946 0 346 13 8 0 1 10.4588 4.91909 0.365208 31.1146
442 0.917053 0 344 13 12 0 1 10.5424 4.8154 0.300762 32.4998
443 0.918712 0 342 14 14 0 1 10.3252 4.60151 0.702814 30.8435
444 0.920648 0 340 15 16 0 1 10.417 4.43106 0.4721 30.5474
445 0.92286 0 340 13 20 0 1 10.7013 4.28047 0.716683 30.2498
446 0.91567 0 341 12 22 0 0 11.0067 4.42289 1.00088 30.0681
447 0.918712 0 340 14 22 0 0 11.2762 4.38321 0.881449 30.422
448 0.921754 0 339 13 26 0 0 11.7061 4.40203 0.747834 30.1905
449 0.925349 0 343 11 26 0 0 12.1682 4.50556 0.629587 31.1603
450 0.928944 0 343 11 26 0 0 12.4014 4.55453 0.580896 31.9676
451 0.93254 0 346 10 26 0 0 12.7926 4.7244 1.03266 32.2028
452 0.936135 0 347 9 28 0 0 13.469 4.93109 2.31197 30.4666
453 0.940007 0 349 7 30 0 0 14.1892 5.33312 2.99637 33.2594
454 0.944155 0 352 8 26 0 0 14.8652 5.55515 1.83528 36.0721
455 0.94775 0 356 7 24 0 0 15.5096 6.04897 2.76704 41.2698
456 0.951069 0 350 4 28 0 1 15.8019 4.85636 1.40831 38.3593
457 0.95494 0 351 3 26 0 2 16.0439 5.35189 0.176873 34.3985
458 0.958536 0 355 3 22 0 2 16.7116 5.63781 0.153341 38.0058
459 0.961578 0 353 3 22 0 3 16.8092 5.1328 2.29956 40.5633
460 0.96462 0 357 2 20 0 3 17.5166 5.32841 3.78715 44.161
461 0.967385 0 360 2 18 0 3 18.2999 5.68545 3.01105 48.4845
462 0.969874 0 364 2 14 0 3 18.9121 5.91107 2.0314 50.9479
463 0.97181 0 364 1 16 0 3 19.425 6.25722 2.52575 53.0421
464 0.974023 0 366 1 14 0 3 19.8767 6.52096 2.91162 54.6484
465 0.975959 0 368 1 8 0 4 18.5083 5.22754 0.879246 39.0576
466 0.977065 0 370 1 6 0 4 18.7065 5.29064 1.62805 39.549
467 0.977894 0 370 1 6 0 4 18.8789 5.35544 3.06103 39.9843
468 0.978724 0 369 2 6 0 4 19.0608 5.41669 4.23379 40.003
469 0.979554 0 362 2 4 0 6 18.8807 5.30776 4.20844 44.0184
470 0.980107 0 364 1 4 0 6 18.9178 5.35894 4.20902 46.1359
471 0.98066 0 364 1 4 0 6 18.9416 5.1803 4.214 38.8557
472 0.981213 0 366 1 2 0 6 19.2218 5.56468 4.22242 49.779
473 0.98149 0 366 1 2 0 6 19.1739 5.30521 4.09123 38.9765
474 0.981766 0 362 1 2 0 7 18.7393 5.37845 4.19015 42.6916
475 0.982043 0 362 1 2 0 7 18.7613 5.38425 4.07028 42.4344
476 0.982319 0 362 1 2 0 7 18.8197 5.39935 3.96259 43.0138
477 0.982596 0 362 0 4 0 7 19.1253 5.44484 3.95763 46.1758
478 0.983149 0 362 0 4 0 7 19.3366 5.48689 3.99061 46.4419
479 0.983702 0 364 0 2 0 7 19.6954 5.8965 4.04256 49.2604
480 0.983979 0 360 1 2 0 8 19.4998 6.03598 2.84219 41.194
481 0.984255 0 358 1 2 0 9 19.3274 6.04032 3.2742 41.1825
482 0.984532 0 358 1 2 0 9 19.3543 6.03587 4.45472 41.1771
483 0.984808 0 358 1 2 0 9 19.4846 6.03106 5.80773 41.2052
484 0.985085 0 356 1 2 0 10 19.3669 5.9092 5.45125 41.9059
485 0.985361 0 355 2 2 0 10 19.4517 5.93211 5.57568 41.9156
486 0.985638 0 355 2 0 0 11 19.518 5.73809 4.92702 41.8341
487 0.985638 0 355 2 0 0 11 19.5377 5.74915 5.36611 41.8351
488 0.985638 0 351 2 0 0 12 19.1903 5.73455 4.71015 41.3856
489 0.985638 0 351 1 2 0 12 19.3714 5.70689 4.75051 43.2503
490 0.985914 0 348 1 2 0 13 18.8478 5.64158 4.96215 41.1457
491 0.986191 0 344 1 2 0 14 19.2832 5.97793 5.26444 42.5054
492 0.986468 0 336 1 2 0 15 19.2 6.08325 4.61376 42.2323
493 0.986744 0 336 1 2 0 15 19.3217 6.14514 4.5719 42.1427
494 0.987021 0 336 0 4 0 15 19.4793 6.28276 4.65222 41.7254
495 0.987574 0 332 0 4 0 16 19.2177 6.08331 5.00073 41.7103
496 0.988127 0 332 0 4 0 16 19.2724 6.15189 5.11533 42.2562
497 0.98868 0 332 0 4 0 16 19.3762 6.19222 5.31432 43.0208
498 0.989233 0 320 0 2 0 18 18.9128 6.72293 4.3608 60.562
499 0.969598 0 320 0 2 0 17 17.9287 6.52245 3.33651 57.7681
500 0.962407 0 320 0 2 0 16 17.1706 6.45584 3.26239 55.2446
501 0.962684 0 320 0 2 0 16 16.7849 6.34631 3.16459 52.061
502 0.957983 0 320 0 2 0 15 15.9685 6.12636 2.17731 45.6709
503 0.958259 0 319 0 0 0 16 13.4254 5.67844 0.802029 36.9265
504 0.958259 0 319 0 0 0 16 13.361 5.67313 0.570904 37.1411
505 0.958259 0 318 1 0 0 16 13.3409 5.66209 0.399766 37.4376
506 0.958259 0 318 1 0 0 16 13.3188 5.65988 0.297316 37.7467
507 0.958259 0 318 1 0 0 16 13.2862 5.66598 0.236911 38.0319
508 0.948303 0 316 3 0 0 15 12.6308 5.43275 0.217182 37.3111
509 0.948303 0 314 5 0 0 15 12.3156 5.43696 0.286048 37.1547
510 0.948303 0 310 5 0 0 16 12.065 4.80896 1.87446 33.7946
511 0.948303 0 310 5 0 0 16 12.0695 4.79946 1.89811 33.6181
512 0.925902 0 309 6 0 0 14 11.6364 4.69482 1.24557 33.4683
513 0.925902 0 308 7 0 0 14 11.4874 4.7151 1.65702 33.336
514 0.925902 0 308 6 2 0 14 11.4359 4.67506 2.08637 33.1722
515 0.926179 0 308 6 2 0 14 11.388 4.64176 2.07185 32.9645
516 0.926455 0 307 7 2 0 14 11.3434 4.60412 2.02715 32.7197
517 0.916776 0 307 5 6 0 13 11.024 4.55257 1.85334 32.4324
518 0.917606 0 306 4 10 0 13 10.9787 4.4969 0.468399 32.0856
519 0.918988 0 305 5 10 0 13 10.794 4.39764 1.02064 31.7006
520 0.920371 0 305 5 10 0 13 10.6884 4.40276 0.277356 31.2997
521 0.921754 0 302 7 12 0 13 10.4628 4.51041 0.151418 30.8741
522 0.923413 0 301 7 14 0 13 10.4324 4.65301 0.454184 30.4293
523 0.917882 0 300 10 12 0 12 10.1771 4.69579 0.474202 30.0068
524 0.912075 0.00248898 297 12 12 1 11 10.0109 4.73625 0.513412 26.9706
525 0.913734 0.00248898 296 12 14 1 11 10.1377 4.6826 0.218 24.4892
526 0.91567 0.00248898 300 12 10 1 11 10.3457 4.79025 1.0747 28.0135
527 0.912075 0.00248898 302 13 8 1 10 10.6904 5.04892 0.546814 27.1108
528 0.913181 0.00248898 300 14 10 1 10 10.871 5.03079 0.22113 27.8403
529 0.909586 0.00248898 298 16 10 1 9 10.7086 4.98173 0.0771271 28.796
530 0.910968 0.00248898 298 15 14 1 9 11.071 5.18769 0.0568534 29.5421
531 0.902948 0.00248898 300 14 14 1 8 10.7292 5.34539 0.0549939 34.4765
532 0.904884 0.00248898 300 11 20 1 8 10.6377 5.08783 0.183841 31.0998
533 0.900183 0.00248898 298 11 24 1 7 10.7104 4.95939 0.0881942 29.6436
534 0.893545 0 298 12 24 0 6 10.0893 4.61349 0.0798599 24.8318
535 0.874463 0.00248898 296 13 24 1 5 9.31976 4.43972 0.187908 23.2503
536 0.877782 0.00248898 294 15 26 1 5 9.04365 4.33088 0.755703 23.221
537 0.881377 0.00248898 292 17 28 1 5 8.92965 4.53308 0.61191 23.8155
538 0.875293 0.00248898 291 16 32 1 4 8.67117 4.49966 0.0959662 24.4348
539 0.879718 0.00248898 296 15 30 1 4 8.82882 4.4269 0.0481026 24.9635
540 0.883866 0.00248898 296 17 28 1 4 8.90299 4.37546 0.0454966 25.5898
541 0.852892 0.00248898 301 18 22 1 2 8.24774 4.3198 0.153113 25.7888
542 0.855934 0.00248898 305 16 22 1 2 7.91565 4.25346 0.222945 25.5384
543 0.858976 0.00248898 306 15 24 1 2 8.06068 4.36866 0.113502 25.9817
544 0.862295 0.00248898 306 14 26 1 2 8.22628 4.49191 0.128825 23.6765
545 0.86589 0 308 12 30 0 2 8.67373 4.67071 0.100638 27.6102
546 0.862571 0 311 9 34 0 1 8.95336 4.74917 0.081193 30.5123
547 0.867273 0 314 9 32 0 1 9.24246 4.93181 0.0661367 32.1802
548 0.871698 0 314 12 30 0 1 9.5225 4.99645 0.0534057 33.1067
549 0.875846 0 313 11 34 0 1 9.75641 4.93026 0.0436121 32.4797
550 0.880547 0 311 12 36 0 1 9.87636 4.69799 0.0257251 31.4101
551 0.885525 0 315 12 32 0 1 9.91336 4.76971 0.0162817 30.2511
552 0.88995 0 319 11 30 0 1 9.91569 4.93555 0.0117201 29.4688
553 0.884143 0 319 13 28 0 0 9.25441 5.0611 0.0129889 28.6022
554 0.888014 0 324 14 24 0 0 9.07696 5.25409 0.15896 32.3686
555 0.891333 0 331 14 18 0 0 8.96874 5.1069 0.330031 30.0054
556 0.893822 0 332 14 18 0 0 8.73695 4.79069 0.252127 27.2616
557 0.896311 0 333 11 24 0 0 9.06719 4.75733 0.107406 25.8125
558 0.89963 0 332 15 22 0 0 9.11699 4.63638 0.403266 25.7866
559 0.902672 0 334 13 24 0 0 9.24379 4.58048 0.263397 27.3096
560 0.90599 0 328 19 24 0 0 9.29335 4.47878 0.72425 26.1695
561 0.909309 0 329 20 22 0 0 9.59066 4.45268 0.542167 24.8002
562 0.912351 0 329 18 26 0 0 10.1137 4.52289 0.797562 24.6917
563 0.915946 0 332 16 28 0 0 10.4991 4.60106 0.329085 25.3997
564 0.919818 0 333 16 28 0 0 10.8486 4.58834 0.253362 24.5952
565 0.92369 0 334 16 28 0 0 11.1087 4.59612 0.468971 25.1238
566 0.927562 0 340 17 22 0 0 11.4454 4.68428 1.04185 26.0821
567 0.930604 0 342 12 30 0 0 12.1587 5.03512 1.79648 26.8314
568 0.934752 0 345 13 26 0 0 12.9403 5.30106 0.580011 30.126
569 0.938347 0 345 7 38 0 0 14.3253 5.73352 0.490236 32.3441
570 0.943602 0 344 7 40 0 0 15.3571 5.88423 1.42965 35.5833
571 0.949133 0 348 7 36 0 0 16.3704 6.03799 2.33744 37.9249
572 0.951622 0.00248898 352 7 32 1 0 17.3399 6.19999 2.23914 38.3583
573 0.956047 0.00248898 353 7 32 1 0 18.0487 6.4048 3.28772 39.7409
574 0.960471 0.00248898 345 5 32 1 2 18.2224 5.92817 1.33084 35.5348
575 0.964896 0.00248898 345 3 34 1 3 18.5325 5.19088 4.73864 35.5371
576 0.969598 0.00248898 355 3 24 1 3 19.3475 5.35866 4.82051 39.8047
577 0.972916 0.00248898 355 2 26 1 3 19.9663 5.51637 4.92129 40.8827
578 0.976512 0.00248898 367 2 14 1 3 20.793 5.78545 4.49953 40.1896
579 0.978447 0.00248898 364 1 14 1 4 19.9374 6.05318 5.05352 41.9224
580 0.980383 0.00248898 355 2 14 1 5 19.776 6.73813 0.614009 42.2031
581 0.982319 0.00248898 356 2 14 1 5 20.2723 6.90839 2.67051 42.1605
582 0.981766 0 351 3 12 0 6 18.5473 5.68262 1.36202 37.6502
583 0.983425 0 353 3 10 0 6 18.7525 5.66172 2.65794 37.7073
584 0.984808 0 357 3 6 0 6 18.8842 5.6155 4.6878 37.9204
585 0.985638 0 357 3 6 0 6 18.9774 5.55638 5.77582 38.0256
586 0.986468 0 359 3 4 0 6 19.0869 5.54915 6.92588 38.1939
587 0.987021 0 359 3 4 0 6 19.1599 5.54469 7.20245 38.4048
588 0.987574 0 361 3 2 0 6 19.2532 5.55672 6.67125 38.6881
589 0.98785 0 361 2 4 0 6 19.381 5.60994 5.48713 39.0346
590 0.988403 0 363 1 4 0 6 19.518 5.74411 4.40055 43.6752
591 0.988957 0 353 0 6 0 8 19.1583 5.88707 1.77246 42.4697
592 0.989786 0 353 0 6 0 8 19.274 5.86408 3.98019 42.9067
593 0.990616 0 352 0 6 0 9 18.7262 5.7637 3.51236 41.6062
594 0.991446 0 352 0 6 0 9 18.8678 5.81636 3.59201 41.6332
595 0.992275 0 352 0 6 0 9 19.0264 5.86943 3.62022 41.7158
596 0.993105 0 343 0 6 0 11 19.28 5.88643 3.55835 41.668
597 0.993935 0 338 0 6 0 12 19.1445 5.81066 3.28493 42.273
598 0.994764 0 340 0 4 0 12 19.2986 5.90365 3.28526 42.2027
599 0.995317 0 338 0 2 0 13 19.3478 5.71997 3.04107 39.4171
600 0.995594 0 340 0 0 0 13 19.4335 5.78954 3.03576 39.4121
601 0.995594 0 340 0 0 0 13 19.4263 5.78101 3.03371 39.4188
602 0.995594 0 340 0 0 0 13 19.4207 5.77656 3.028 39.4298
603 0.993105 0.00248898 335 0 0 1 14 18.3811 5.48697 3.85609 41.235
604 0.993105 0.00248898 333 0 0 1 15 18.3217 5.26925 5.72355 37.7111
605 0.993105 0.00248898 333 0 0 1 15 18.3203 5.27134 5.55771 37.7124
606 0.993105 0.00248898 333 0 0 1 15 18.3191 5.2736 5.39938 37.7135
607 0.993105 0.00248898 333 0 0 1 15 18.3206 5.26832 5.71829 37.7143
608 0.993105 0.00248898 333 0 0 1 15 18.3195 5.2705 5.55625 37.715
609 0.993105 0.00248898 333 0 0 1 15 18.3202 5.26788 5.71755 37.7154
610 0.993105 0.00248898 333 0 0 1 15 18.3191 5.27024 5.54901 37.7157
611 0.993105 0.00248898 333 0 0 1 15 18.3202 5.26757 5.71605 37.7159
612 0.993105 0.00248898 333 0 0 1 15 18.3191 5.26992 5.55208 37.7159
613 0.993105 0 331 0 0 0 16 17.7509 4.93148 4.16793 35.2634
614 0.993105 0 330 1 0 0 16 17.7512 4.93188 4.04305 35.2803
615 0.990616 0.00248898 329 1 0 1 16 17.7567 4.93491 4.1768 35.2968
616 0.990616 0.00248898 329 1 0 1 16 17.7586 4.93202 4.17833 35.3136
617 0.963237 0.00248898 328 2 0 1 14 16.7768 5.02229 5.56224 35.0754
618 0.958259 0.00248898 328 2 0 1 13 16.4774 5.13934 4.30689 34.5705
619 0.958259 0.00248898 327 3 0 1 13 16.0454 5.22743 3.01319 34.3164
620 0.958259 0.00248898 327 3 0 1 13 15.5321 5.24623 2.92362 33.9043
621 0.958259 0.00248898 327 3 0 1 13 15.1623 5.19913 1.75572 33.4341
622 0.945814 0.00248898 326 4 0 1 12 14.525 5.13708 1.36335 32.7448
623 0.925902 0.00248898 325 4 2 1 11 13.8884 5.32786 1.55079 32.2095
624 0.926179 0.00248898 325 4 2 1 11 13.4738 5.24665 1.05051 31.6736
625 0.91401 0 325 4 2 0 10 12.6475 5.09299 1.68007 31.0416
626 0.914287 0 325 3 4 0 10 12.3035 5.03701 1.75659 30.1454
627 0.91484 0 325 3 4 0 10 12.0172 4.98096 1.32387 29.8539
628 0.915393 0 324 3 6 0 10 11.7828 4.92963 0.880269 29.0112
629 0.916223 0 324 3 6 0 10 11.4303 4.8827 0.576769 26.7342
630 0.917053 0 324 3 6 0 10 11.0738 4.7666 0.29591 25.9178
631 0.917882 0 324 2 8 0 10 10.9069 4.53411 0.300979 25.36
632 0.918988 0 325 2 8 0 10 10.7658 4.44295 0.651787 25.0508
633 0.920095 0 324 3 8 0 10 10.2525 4.32045 0.871451 24.7916
634 0.896311 0 322 5 8 0 8 9.48432 3.9107 0.83038 22.3216
635 0.897417 0 323 6 6 0 8 9.26033 3.82949 0.992623 22.9614
636 0.895758 0 323 6 6 0 7 8.96193 3.71885 0.765068 23.3079
637 0.896588 0 325 5 6 0 7 8.93501 3.65766 0.514877 23.5719
638 0.897417 0 324 6 6 0 7 8.7687 3.62785 0.500392 22.6636
639 0.875846 0 323 7 6 0 5 7.98664 3.24213 0.565165 20.1574
640 0.864231 0 323 9 4 0 4 7.47859 3.21022 0.457269 19.6472
641 0.864784 0 322 11 4 0 4 7.15701 3.15262 0.0491717 19.1005
642 0.855381 0 322 10 6 0 3 6.60643 3.09533 0.0611058 18.9833
643 0.856211 0 315 15 10 0 3 6.30116 3.09787 0.0753949 20.0672
644 0.857593 0 307 22 12 0 3 6.01701 3.04734 0.334313 20.2837
645 0.859253 0 302 27 12 0 3 5.87549 2.98466 0.514974 20.2727
646 0.850956 0 298 33 10 0 2 5.71026 2.9589 0.166114 19.9803
647 0.847361 0 294 36 12 0 1 5.43392 3.04348 0.0398005 19.3488
648 0.84902 0 288 41 14 0 1 5.33368 2.94458 0.0612622 18.3635
649 0.850956 0 284 43 18 0 1 5.23261 2.88702 0.0837412 17.7708
650 0.853445 0 282 44 22 0 1 5.17946 2.84942 0.119616 17.747
651 0.856487 0 281 47 20 0 1 5.11821 2.77004 0.230081 17.6552
652 0.859253 0 280 45 30 0 1 5.98119 3.33871 0.428993 17.2884
653 0.863401 0 277 42 44 0 1 7.05485 3.78268 0.26825 17.6979
654 0.869485 0 273 41 54 0 1 7.5285 3.89448 0.323764 19.6277
655 0.876952 0 271 37 66 0 1 8.03467 4.04466 0.349425 20.8243
656 0.881101 0 273 33 72 0 0 8.79468 4.35376 0.298848 27.131
657 0.891056 0 274 28 82 0 0 10.1671 5.09924 0.172242 30.8183
658 0.902395 0 277 25 86 0 0 11.3319 5.25041 0.059415 30.8059
659 0.914287 0 283 21 88 0 0 12.919 5.85801 0.347187 33.2943
660 0.923966 0.00248898 282 18 94 1 0 14.2874 6.14061 0.956287 35.5292
661 0.936964 0.00248898 294 15 90 1 0 16.2228 6.72477 0.966253 38.3989
662 0.949409 0.00248898 309 11 84 1 0 18.0491 6.89642 3.37147 42.5927
663 0.961025 0.00248898 312 7 82 1 2 18.3031 6.34956 0.330852 38.547
664 0.972363 0.00248898 324 5 74 1 2 20.882 7.04521 2.62679 41.9285
665 0.982596 0.00248898 323 5 66 1 4 21.8349 7.22737 1.78123 47.2429
666 0.991722 0.00248898 320 4 56 1 7 23.5213 7.10761 5.6209 46.6045
667 0.997516 0.00248413 328 3 50 1 7 25.3685 7.63585 4.26734 54.7364
668 0.995066 0.00493421 324 2 42 2 11 25.6418 7.98038 2.37903 57.2247
669 0.995094 0.00490597 319 1 36 2 14 26.6256 8.51111 6.7464 60.765
670 0.997553 0.00244698 316 0 28 1 18 27.4999 8.93107 5.64663 60.3519
671 0.997562 0.0024377 299 0 18 1 24 27.2738 8.86598 6.78567 58.3294
672 0.997568 0.00243178 287 0 10 1 28 26.8286 8.9347 2.17128 61.4204
673 0.997572 0.00242849 277 0 6 1 32 26.2296 9.11073 3.77514 59.4821
674 0.997573 0.00242653 262 0 6 1 36 25.1923 8.512 3.02649 57.3168
675 0.997575 0.00242457 262 0 4 1 37 25.2219 8.52053 7.36392 51.4333
676 0.997577 0.00242326 255 0 2 1 39 24.9474 8.36686 5.64177 59.0367
677 0.997577 0.00242261 245 0 2 1 41 24.8673 8.47345 5.90958 50.6325
678 1 0 242 0 2 0 43 24.4931 8.34953 8.31314 46.6321
679 1 0 234 0 0 0 45 23.6454 8.33805 3.47724 49.545
680 1 0 224 0 0 0 48 23.9049 8.29838 5.59553 49.6422
681 1 0 215 0 0 0 50 23.6187 8.09201 4.73839 44.1695
682 1 0 206 1 0 0 52 22.6937 8.15005 4.635 49.0521
683 1 0 204 1 0 0 53 22.5117 8.8327 3.57962 45.1245
684 1 0 199 2 0 0 54 21.7889 8.27347 2.04955 48.3641
685 1 0 197 2 0 0 55 21.3943 8.18011 3.33791 47.3844
686 1 0 197 2 0 0 55 21.4144 8.15415 3.67075 47.3069
687 1 0 197 2 0 0 55 21.3752 8.15863 3.83658 47.2564
688 1 0 194 2 0 0 56 21.2708 8.44956 1.44157 45.7027
689 1 0 191 2 0 0 57 21.2536 8.18617 3.65328 47.2893
690 1 0 186 2 0 0 58 20.5905 7.8487 3.0019 45.5212
691 1 0 185 1 2 0 59 20.6228 7.46488 2.93109 39.7096
692 1 0 185 1 2 0 59 20.6534 7.45048 2.93455 39.8227
693 1 0 180 0 4 0 60 20.0618 7.4518 4.08519 45.7668
694 1 0 178 0 4 0 61 20.0803 7.57345 5.66661 44.2026
695 1 0 176 0 4 0 62 19.8762 7.12349 3.82701 39.3168
696 0.997578 0.00242196 175 0 4 1 62 19.9408 7.15646 3.79423 39.5094
697 0.997579 0.00242066 175 0 4 1 62 20.0205 7.14828 3.72569 39.6967
698 0.997581 0.00241935 175 0 4 1 62 20.1293 7.14253 3.67117 39.8639
699 0.997582 0.00241805 175 0 4 1 62 20.2159 7.17715 3.6363 40.0208
700 0.997583 0.00241676 175 0 2 1 63 21.0643 7.83043 5.00976 42.2198
701 0.997584 0.00241611 175 0 2 1 63 21.0869 7.92213 5.01018 42.2509
702 0.997585 0.00241546 177 0 0 1 63 21.1304 7.91137 5.02943 42.1984
703 0.997585 0.00241546 177 0 0 1 63 21.175 7.95172 5.03865 44.3729
704 0.997585 0.00241546 177 0 0 1 63 21.1881 7.98558 4.89029 47.1019
705 0.997585 0.00241546 176 1 0 1 63 21.1865 8.06043 4.63144 49.5753
706 0.997537 0.00246305 175 1 0 1 61 19.9554 7.78372 1.03258 50.0467
707 0.997537 0.00246305 172 1 0 1 62 19.5878 7.28843 5.40517 41.8902
708 0.985638 0.00248898 172 1 0 1 60 18.8054 7.10001 4.66393 41.6131
709 0.948303 0.00248898 170 1 0 1 58 10.5794 4.64894 1.28631 25.8269
710 0.948303 0.00248898 168 3 0 1 58 10.4067 4.49119 1.34075 21.3952
711 0.918435 0.00248898 167 4 0 1 54 9.32575 4.38913 0.761242 20.2621
712 0.888567 0.00248898 165 6 0 1 51 8.09566 4.25561 0.554244 20.1913
713 0.856211 0.00248898 163 8 0 1 47 6.51387 3.84849 0.46686 19.8955
714 0.789008 0.00248898 162 8 2 1 41 4.7088 3.01509 0.254604 18.4214
715 0.739505 0.00248898 158 12 2 1 37 3.7948 2.59963 0.135507 12.5418
716 0.704936 0 154 16 2 0 33 2.9625 2.22762 0.00716425 9.73615
717 0.667878 0 151 19 2 0 29 2.42892 1.98609 0.00628245 9.45727
718 0.663176 0 141 29 2 0 28 2.10095 1.82175 0.0117979 9.2182
719 0.641052 0 135 33 6 0 26 1.8702 1.69297 0.0121386 8.92282
720 0.616992 0 130 37 8 0 24 1.48223 1.42816 0.0124311 6.49009
721 0.610631 0 120 45 12 0 22 1.40071 1.52509 0.012746 6.75101
722 0.5874 0 115 48 16 0 20 1.10362 1.02179 0.0068911 4.63088
723 0.564723 0 110 54 16 0 17 0.830304 0.796417 0.00870858 4.07727
724 0.544535 0 100 60 24 0 15 0.921486 1.16453 0.00690954 6.37906
725 0.527941 0 96 60 32 0 13 0.834515 0.99604 0.00569418 5.23607
726 0.527388 0 88 65 38 0 12 0.854869 1.04321 0.0047593 5.56652
727 0.522687 0 84 59 58 0 11 0.655241 0.696312 0.00404421 3.12146
728 0.525729 0 82 59 66 0 10 0.735438 0.833177 0.00347043 3.58952
729 0.534855 0 76 62 74 0 10 0.782434 0.933273 0.00299414 3.68234
730 0.545088 0 73 59 90 0 10 0.934751 0.956863 0.00261874 3.87484
731 0.550066 0 75 56 96 0 9 0.939282 0.964919 0.0156929 4.27168
732 0.555873 0 74 52 108 0 8 1.05757 1.10571 0.0146991 4.71683
733 0.558362 0 80 44 120 0 7 1.31142 1.44222 0.0140781 5.51979
734 0.572466 0 86 42 120 0 6 1.36158 1.28757 0.0137889 5.18495
735 0.58906 0 87 39 130 0 6 1.54684 1.30908 0.0139245 4.47927
736 0.594591 0 102 40 118 0 5 1.67259 1.37218 0.0138459 5.30881
737 0.605929 0 111 37 118 0 4 1.7217 1.45588 0.0138527 6.77832
738 0.617268 0 117 33 124 0 3 1.62135 1.3932 0.0300614 7.18465
739 0.634415 0 129 34 118 0 3 1.88571 1.79669 0.0249091 8.83981
740 0.650731 0 134 37 112 0 3 1.73037 1.69538 0.0190721 7.11065
741 0.666218 0 144 38 104 0 3 2.01811 2.1784 0.00116577 11.5701
742 0.680599 0 155 45 88 0 3 2.27652 2.45753 0.0444369 11.1191
743 0.687789 0 158 48 84 0 2 2.23764 2.22718 0.0102299 9.84626
744 0.699405 0 170 47 78 0 2 2.50824 2.30391 0.00912779 12.7064
745 0.71019 0 172 48 80 0 2 2.98058 2.84384 0.00793044 14.7031
746 0.721252 0 180 49 74 0 2 3.27693 3.05286 0.00755176 15.7518
747 0.731485 0 188 53 66 0 2 3.48621 3.2946 0.0103286 19.0572
748 0.740611 0 196 51 68 0 2 3.55226 3.47915 0.012239 20.5904
749 0.750014 0 190 56 74 0 2 3.66478 3.52024 0.00805388 19.5436
750 0.75278 0 191 57 76 0 1 3.7982 3.5686 0.00849525 21.1737
751 0.763289 0 187 56 90 0 1 4.53053 3.61742 0.0102098 19.5385
752 0.770756 0 185 57 96 0 0 5.26686 3.45673 0.0111638 17.5091
753 0.78403 0 194 54 94 0 0 6.21993 3.97262 0.0114588 19.9891
754 0.797028 0 202 50 96 0 0 7.146 4.48574 0.0126076 22.1703
755 0.810303 0 204 50 98 0 0 7.67062 4.94481 0.0107567 27.4317
756 0.823854 0 209 45 106 0 0 8.84709 5.31529 0.00981207 25.6999
757 0.838511 0 225 39 102 0 0 9.42184 5.34941 0.00891041 23.2558
758 0.852615 0 233 31 112 0 0 10.2122 5.02073 0.115451 24.8689
759 0.868103 0 238 29 114 0 0 10.5379 5.38613 0.0822571 27.7574
760 0.883866 0 255 22 112 0 0 11.6691 5.59118 0.133067 30.9563
761 0.899353 0 265 16 114 0 0 12.798 6.0167 0.730181 34.5894
762 0.915117 0 272 16 108 0 0 13.7126 6.31285 0.348089 38.3432
763 0.930051 0 283 15 100 0 0 14.8884 6.22764 0.35208 38.6815
764 0.943878 0 291 11 100 0 0 17.2791 6.60192 0.481738 40.6738
765 0.957706 0 303 8 90 0 1 16.9968 6.32165 0.0800477 40.426
766 0.970151 0 313 10 78 0 1 19.4481 7.13067 0.18824 44.2062
767 0.980936 0 333 8 62 0 1 22.0174 8.01155 0.366847 53.2045
768 0.98951 0 323 5 58 0 7 22.6195 7.33075 4.97993 49.8053
769 0.99753 0 328 4 44 0 9 23.3841 7.61341 1.97957 48.0294
770 1 0 325 4 32 0 12 24.6506 7.92924 1.74136 49.6537
771 1 0 312 3 32 0 15 25.3265 8.29597 0.247897 56.1791
772 1 0 313 2 30 0 16 25.7578 8.38323 2.84277 59.0096
773 1 0 297 2 22 0 22 26.418 8.76314 2.67454 52.9661
774 1 0 292 2 16 0 25 25.8132 8.82082 1.47615 55.2246
775 1 0 277 0 20 0 29 25.3623 8.56213 6.2724 50.8415
776 1 0 275 0 16 0 30 25.2966 8.5795 4.75857 52.8168
777 1 0 279 0 10 0 31 26.1499 8.66736 5.20191 54.6883
778 1 0 262 0 8 0 36 25.7341 9.11946 5.27176 48.7801
779 1 0 252 0 8 0 38 25.447 9.39417 2.6605 61.6216
780 0.997585 0.00241546 239 0 6 1 42 24.6971 8.55896 3.96666 49.2889
781 0.997586 0.00241352 241 0 4 1 42 24.7839 8.43191 4.53617 49.5491
782 0.997588 0.00241222 237 0 4 1 43 24.1536 8.00868 2.86557 46.8362
783 0.997589 0.00241093 233 0 4 1 44 24.4586 8.44434 4.53879 50.941
784 0.99759 0.00240964 226 0 0 1 47 24.7885 8.52349 4.1385 52.0649
785 0.99759 0.00240964 226 0 0 1 47 24.709 8.3606 4.33957 52.0806
786 0.99759 0.00240964 225 0 0 1 48 24.5464 8.21326 3.16576 51.2765
787 0.99759 0.00240964 222 0 0 1 49 24.5173 9.08334 1.65703 56.7751
788 0.99759 0.00240964 203 0 0 1 55 23.4948 8.1764 4.88795 51.3546
789 0.99759 0.00240964 203 0 0 1 55 23.4278 8.15983 4.72025 52.593
790 1 0 197 0 0 0 56 23.2134 7.58695 6.31503 47.4719
791 1 0 197 0 0 0 56 23.0537 7.57093 6.30242 46.943
792 1 0 193 0 0 0 58 22.2774 7.22226 6.87548 40.7833
793 1 0 193 0 0 0 58 22.3549 7.27668 6.87956 40.8019
794 1 0 192 0 0 0 59 22.4416 7.65582 6.64476 57.0713
795 1 0 192 0 0 0 59 22.1762 7.15989 6.63429 40.9514
796 1 0 192 0 0 0 59 22.1707 7.15971 6.62401 40.9484
797 1 0 186 0 0 0 60 22.5535 8.16157 7.18811 53.0337
798 1 0 186 0 0 0 60 22.4112 7.67504 7.15795 45.1063
799 1 0 186 0 0 0 60 22.3281 7.68297 7.06832 45.0439
800 1 0 186 0 0 0 60 22.3162 7.69755 6.85737 45.0714
