0 0.0174229 0 6 1 0 0 0 0.00103892 0.00119965 0 0.00242468
1 0.0174229 0 5 2 0 0 0 0.000128899 0.00014884 0 0.000300947
2 0.0174229 0 5 2 0 0 0 0.000122054 0.000140936 0 0.000284962
3 0.0174229 0 5 2 0 0 0 0.000115746 0.000133652 0 0.000270228
4 0.0174229 0 2 5 0 0 0 0.000109917 0.000126922 0 0.000256431
5 0.0174229 0 2 5 0 0 0 0.000104522 0.000120692 0 0.000243845
6 0.0174229 0 2 5 0 0 0 9.95176e-05 0.000114913 0 0.000232171
7 0.0174229 0 2 5 0 0 0 9.48667e-05 0.000109543 0 0.000221322
8 0.0174229 0 2 5 0 0 0 9.05369e-05 0.000104543 0 0.000211221
9 0.0174229 0 2 4 2 0 0 6.45141e-05 9.12367e-05 0 0.000193481
10 0.0176994 0 2 3 4 0 0 7.38985e-05 9.05068e-05 0 0.00018469
11 0.0182526 0 2 3 4 0 0 7.04118e-05 8.62365e-05 0 0.000175977
12 0.0188057 0 2 3 4 0 0 6.71248e-05 8.22108e-05 0 0.000167763
13 0.0193588 0 2 0 10 0 0 8.038e-05 8.038e-05 0 0.00016076
14 0.0207415 0 2 0 10 0 0 7.71265e-05 7.71265e-05 0 0.000154253
15 0.0221243 0 1 1 10 0 0 7.3668e-05 7.3668e-05 0 0
16 0.0235071 0 1 1 10 0 0 7.07274e-05 7.07274e-05 0 0
17 0.0248898 0 1 1 10 0 0 6.78831e-05 6.78831e-05 0 0
18 0.0262726 0 3 1 8 0 0 0.0745842 0.0951871 0 0.232859
19 0.0273788 0 5 1 6 0 0 0.0222161 0.0300205 0 0.0869518
20 0.0282085 0 5 1 6 0 0 0.0100303 0.0164526 0 0.0456459
21 0.0290382 0 4 2 6 0 0 0.00575284 0.00991215 0.000164783 0.0272233
22 0.0298678 0 9 3 0 0 0 0.0539897 0.0698455 2.48189e-05 0.201054
23 0.0298678 0 8 4 0 0 0 0.0205185 0.0261423 2.73447e-06 0.0760719
24 0.0298678 0 8 3 2 0 0 0.0120413 0.0139221 7.46365e-08 0.0400687
25 0.0301444 0 6 5 2 0 0 0.00564669 0.00630215 7.91665e-09 0.0180558
26 0.0304209 0 6 5 2 0 0 0.00352488 0.00385708 1.4259e-09 0.0109458
27 0.0306975 0 6 5 2 0 0 0.00230943 0.00249293 7.95809e-11 0.00699018
28 0.030974 0 5 6 2 0 0 0.00182593 0.00196006 8.1854e-12 0.00545318
29 0.0312506 0 4 7 2 0 0 0.00149485 0.00159863 1.0199e-12 0.00441559
30 0.0315271 0 3 7 4 0 0 0.00139711 0.00135709 1.52757e-13 0.00371923
31 0.0320802 0 3 6 6 0 0 0.00176674 0.00201529 2.6404e-14 0.00320119
32 0.0329099 0 1 7 8 0 0 0.0162276 0.0376652 0.00274184 0.00274184
33 0.0340161 0 2 8 6 0 0 0.0296827 0.0495985 0.0272924 0.138168
34 0.0348458 0 1 7 10 0 0 0.0355611 0.0368015 0.00778227 0.00778227
35 0.0362286 0 1 7 10 0 0 0.0326893 0.0382633 0.00366723 0.00366723
36 0.0376113 0 1 7 10 0 0 0.0325381 0.0404694 0.00214723 0.00214723
37 0.0389941 0 1 6 12 0 0 0.0353466 0.0431855 0.00139655 0.00139655
38 0.0406534 0 0 6 14 0 0 0.024266 0.0384834 inf -100
39 0.0425893 0 2 5 14 0 0 0.00886057 0.00866611 0.0141599 0.0141599
40 0.0445252 0 4 5 12 0 0 0.00946009 0.0109754 0.00205541 0.0267514
41 0.0461845 0 6 3 14 0 0 0.120355 0.24627 0.000383074 0.798543
42 0.0481204 0 6 2 16 0 0 0.0681567 0.137352 6.68346e-05 0.422897
43 0.0478438 0.00248898 9 1 14 1 0 0.0880426 0.101405 1.25799e-05 0.309856
44 0.0497797 0.00248898 7 3 14 1 0 0.0690036 0.0784509 2.1851e-06 0.131686
45 0.0517156 0.00248898 6 4 14 1 0 0.0790829 0.0789414 3.82344e-07 0.12453
46 0.0536514 0.00248898 8 4 12 1 0 0.147043 0.188134 6.65939e-08 0.715366
47 0.0553108 0.00248898 9 4 12 1 0 0.179542 0.218125 1.28779e-08 0.821731
48 0.0569701 0.00248898 10 5 10 1 0 0.133715 0.125619 2.65662e-09 0.420017
49 0.0583529 0.00248898 9 6 10 1 0 0.0788385 0.0701482 0.00105276 0.243781
50 0.0597356 0.00248898 12 7 6 1 0 0.0764932 0.101388 0.00152903 0.456109
51 0.0605653 0.00248898 12 9 4 1 0 0.0911607 0.151195 0.000425136 0.672905
52 0.0611184 0.00248898 10 13 2 1 0 0.0747582 0.0964205 0.00010212 0.313001
53 0.061395 0 9 12 6 0 0 0.0607056 0.0630647 1.98213e-05 0.201041
54 0.0622246 0 7 13 8 0 0 0.0463787 0.0475575 3.97278e-06 0.176383
55 0.0633308 0 6 14 8 0 0 0.0508847 0.0577908 8.04228e-07 0.188249
56 0.064437 0 8 13 8 0 0 0.0650334 0.0738491 1.5408e-07 0.180082
57 0.0655433 0 8 12 10 0 0 0.0539983 0.0691814 0.0131772 0.0620209
58 0.066926 0 6 13 12 0 0 0.0510737 0.0761843 0.0102168 0.0316401
59 0.0685854 0 5 13 14 0 0 0.0623543 0.111765 0.00560133 0.0342631
60 0.0705212 0 4 12 18 0 0 0.0926965 0.208196 0.00318211 0.807386
61 0.0730102 0 4 8 26 0 0 0.262545 0.571978 0.00188778 0.414823
62 0.0766054 0 8 7 24 0 0 0.460584 0.704858 0.00114523 2.41394
63 0.0799241 0 9 6 26 0 0 0.41165 0.551379 0.000707944 1.60873
64 0.0835193 0 8 6 28 0 0 0.425055 0.448582 0.0377232 1.38218
65 0.087391 0 9 7 26 0 0 0.320395 0.368667 0.0195783 1.11687
66 0.0909862 0 10 8 24 0 0 0.288014 0.316698 0.0278183 1.03345
67 0.0943049 0 12 6 26 0 0 0.296566 0.372845 0.00660092 1.0334
68 0.0979001 0 14 5 26 0 0 0.37023 0.470422 0.00218017 1.48445
69 0.101495 0 14 8 24 0 0 0.450283 0.555287 0.000440378 1.77833
70 0.104814 0 21 9 16 0 0 0.375888 0.50183 8.71452e-05 1.76325
71 0.107026 0 20 12 14 0 0 0.31817 0.41522 1.89082e-05 1.54012
72 0.108962 0 23 12 12 0 0 0.230979 0.261594 3.91021e-06 1.07453
73 0.110622 0 21 15 12 0 0 0.210265 0.230851 0.00848554 0.922935
74 0.112281 0 18 17 14 0 0 0.200786 0.229716 0.0121518 0.775653
75 0.114217 0 16 18 16 0 0 0.212851 0.221299 0.00824631 0.708876
76 0.116429 0 19 19 12 0 0 0.236235 0.246111 0.00677277 0.976009
77 0.118088 0 19 21 10 0 0 0.176602 0.183636 0.00612485 0.637008
78 0.119471 0 20 18 16 0 0 0.240219 0.316405 0.00359785 0.882438
79 0.121684 0 19 18 18 0 0 0.226594 0.320695 0.00750768 0.904623
80 0.124173 0 17 17 24 0 0 0.259466 0.444668 0.00525736 1.65233
81 0.127491 0 19 16 24 0 0 0.361922 0.591661 0.00807102 1.9245
82 0.13081 0 20 13 30 0 0 0.432892 0.662449 0.00623584 2.10415
83 0.134958 0 20 12 34 0 0 0.339162 0.491493 0.0140943 1.67437
84 0.13966 0 21 11 36 0 0 0.269604 0.379681 0.0120474 1.36138
85 0.144638 0 20 11 38 0 0 0.330618 0.475978 0.0120858 1.67794
86 0.149892 0 17 12 42 0 0 0.407276 0.599435 0.0136507 1.46017
87 0.1557 0 23 13 36 0 0 0.791871 1.0256 0.0152728 3.54647
88 0.160678 0 24 13 36 0 0 0.560128 0.687923 0.0140787 2.57449
89 0.165656 0 27 14 34 0 0 0.525096 0.570711 0.0193623 2.0954
90 0.170357 0 26 17 32 0 0 0.538389 0.660997 0.0207041 2.96836
91 0.174782 0 31 19 26 0 0 0.518732 0.68641 0.00473976 2.97623
92 0.178377 0 30 24 24 0 0 0.508691 0.590343 0.0010358 2.32499
93 0.181696 0 29 28 22 0 0 0.446391 0.547209 0.000178516 2.31833
94 0.184738 0 29 29 22 0 0 0.434171 0.562199 0.000194535 2.30519
95 0.18778 0 29 30 24 0 0 0.437535 0.605926 0.000112 2.4655
96 0.191099 0 28 31 26 0 0 0.510303 0.869746 5.65305e-05 4.55141
97 0.194694 0 28 32 26 0 0 0.369402 0.576302 2.7878e-05 2.5668
98 0.198289 0 29 32 28 0 0 0.416975 0.571044 1.30496e-05 2.23591
99 0.202161 0 27 31 34 0 0 0.5141 0.863366 6.04941e-06 3.08092
100 0.206862 0 26 31 38 0 0 0.610082 0.822931 2.82067e-06 3.59716
101 0.212117 0 27 27 48 0 0 0.852536 1.13009 0.00966406 4.37925
102 0.218754 0 25 26 56 0 0 0.848928 1.16339 0.00302608 4.82093
103 0.226498 0 24 27 58 0 0 1.08412 1.65953 0.00739187 6.06362
104 0.234518 0 24 29 60 0 0 1.28053 2.01895 0.0101575 7.44343
105 0.242814 0 26 28 62 0 0 1.29005 1.95761 0.0398308 7.05845
106 0.251387 0 27 27 64 0 0 1.4062 2.22339 0.0766057 9.09832
107 0.260237 0 32 25 64 0 0 1.67438 2.38721 0.0198755 11.0942
108 0.269087 0 36 25 62 0 0 1.78623 2.35294 0.0215419 10.7707
109 0.27766 0 36 28 62 0 0 1.76444 2.26239 0.0306712 9.70706
110 0.286233 0 49 26 54 0 0 1.70648 2.05496 0.00174805 8.12539
111 0.2937 0 50 31 52 0 0 1.78942 2.33475 0.00837199 11.7498
112 0.298402 0.00248898 48 33 54 1 0 1.68668 2.19769 0.0168891 8.84458
113 0.305869 0.00248898 50 33 58 1 0 1.80108 1.8735 0.0278033 7.62063
114 0.313889 0.00248898 51 36 56 1 0 1.60577 1.70259 0.0136031 6.34144
115 0.321632 0.00248898 49 41 54 1 0 1.41761 1.45954 0.00330329 6.3886
116 0.329099 0.00248898 50 45 50 1 0 1.33222 1.35198 0.00315842 6.44199
117 0.336013 0.00248898 52 45 50 1 0 1.38326 1.69551 0.00197588 8.3515
118 0.342927 0.00248898 56 41 56 1 0 1.45976 1.95217 0.00139241 9.1141
119 0.35067 0.00248898 59 43 52 1 0 1.58875 2.41739 0.00106782 12.3389
120 0.357861 0.00248898 59 42 62 1 0 1.48913 2.00504 0.00086839 9.78994
121 0.366434 0.00248898 59 43 66 1 0 1.61758 2.09983 0.000715471 9.40817
122 0.37556 0 65 43 66 0 0 1.7349 2.02291 0.000602279 9.3459
123 0.384686 0 60 47 72 0 0 1.73185 1.97557 0.000369421 10.4844
124 0.394642 0 59 44 82 0 0 1.81231 1.95602 0.000879736 10.0723
125 0.405981 0 55 45 90 0 0 1.96126 2.15229 0.00168178 8.42105
126 0.418426 0 54 48 90 0 0 2.21774 2.45959 0.00239993 11.0727
127 0.430871 0 62 50 82 0 0 2.68379 3.00462 0.00311456 11.5753
128 0.44221 0 60 51 86 0 0 2.57267 2.91401 0.00764564 9.68433
129 0.454101 0 72 49 84 0 0 2.61372 2.4134 0.030191 11.0679
130 0.465717 0 76 49 86 0 0 3.00309 3.26588 0.0404985 15.1616
131 0.477608 0 85 46 86 0 0 3.28094 3.56117 0.040982 13.7457
132 0.4895 0 85 47 94 0 0 3.60147 3.89007 0.0425124 16.0222
133 0.502498 0 91 50 88 0 0 2.87148 2.97223 0.0157808 13.104
134 0.514667 0 91 54 90 0 0 3.02179 3.2296 0.0151865 11.2303
135 0.527112 0 92 52 96 0 0 3.21222 3.65097 0.00888292 16.6434
136 0.540386 0 86 58 100 0 0 3.30737 3.58813 0.0069789 14.7087
137 0.554214 0 79 67 102 0 0 3.44717 3.56784 0.0149342 15.909
138 0.568318 0 86 70 98 0 0 3.49313 3.52796 0.00858472 15.6559
139 0.581869 0 95 67 98 0 0 3.39302 3.29468 0.00430138 14.4169
140 0.59542 0 103 68 92 0 0 3.80553 3.51238 0.00155915 17.2853
141 0.608142 0 110 69 94 0 0 4.28845 3.90127 0.000603563 20.1766
142 0.62114 0 103 76 100 0 0 4.70569 3.85805 0.00211557 20.2916
143 0.634968 0 110 71 108 0 0 5.4705 4.49426 0.00423804 19.4761
144 0.649902 0 108 80 104 0 0 6.01575 4.53514 0.00265623 19.6536
145 0.664282 0 108 78 116 0 0 6.96673 5.3261 0.0067324 25.3097
146 0.680322 0 111 70 134 0 0 7.64061 6.22711 0.0115042 32.9003
147 0.698852 0 112 72 140 0 0 8.64742 7.78382 0.0169173 52.2336
148 0.71821 0 109 84 134 0 0 9.87639 8.38452 0.046695 51.2302
149 0.736739 0 106 89 136 0 0 10.6216 7.92706 0.0897181 40.1172
150 0.755545 0 116 88 138 0 0 11.322 8.37137 0.228534 40.7571
151 0.772138 0.00248898 116 86 152 1 0 13.0642 8.979 0.210985 44.3059
152 0.793156 0.00248898 122 95 142 1 0 14.5042 9.08706 0.259469 41.7591
153 0.810303 0.00497797 117 93 160 2 0 16.1893 9.73297 0.0217577 42.8556
154 0.832427 0.00497797 127 95 156 2 0 19.6195 10.4167 0.0394321 45.4589
155 0.853998 0.00497797 141 102 140 2 0 22.6805 11.7019 0.0426016 62.8762
156 0.873357 0.00497797 148 102 144 2 0 26.2779 13.5419 0.0268433 69.9533
157 0.893269 0.00497797 143 98 168 2 0 29.4375 15.0764 0.570453 82.9346
158 0.916499 0.00497797 141 99 178 2 0 33.0645 15.7513 0.0829245 86.163
159 0.941113 0.00497797 152 100 176 2 0 36.6461 17.3204 1.20775 77.1987
160 0.965449 0.00497797 168 99 172 2 0 42.2095 18.7693 1.8832 91.1839
161 0.989233 0.00248898 164 99 190 1 0 46.0086 20.2812 1.72839 93.0958
162 0.997555 0.00244499 178 99 186 1 0 51.7124 21.9741 2.16557 119.686
163 1 0 175 108 190 0 0 56.7713 22.7807 2.61061 112.424
164 1 0 169 112 203 0 0 62.0246 23.606 2.27788 113.115
165 1 0 174 118 202 0 0 66.987 26.0395 3.11769 135.466
166 1 0 191 119 195 0 0 73.7472 28.1028 3.86033 129.547
167 1 0 194 124 197 0 0 80.055 27.1872 2.41895 146.319
168 1 0 199 120 199 0 1 80.9087 18.0559 14.6016 128.381
169 1 0 205 126 197 0 1 90.2599 18.8508 20.5723 139.147
170 1 0 206 130 194 0 2 92.9662 18.2512 34.0851 139.789
171 1 0 197 139 195 0 2 94.1928 18.9363 26.025 149.1
172 1 0 196 141 209 0 2 103.423 22.8044 40.4585 155.14
173 1 0 190 138 210 0 4 102.962 23.171 42.3503 181.129
174 1 0 192 133 210 0 5 105.839 22.0561 36.7698 175.46
175 1 0 177 131 213 0 5 96.4532 19.1181 35.9824 142.869
176 1 0 167 150 209 0 5 104.099 20.4061 41.6758 165.036
177 1 0 167 149 204 0 7 108.025 21.5998 50.9306 166.01
178 1 0 154 140 208 0 11 103.425 21.833 51.4077 166.566
179 1 0 150 137 207 0 13 106.273 22.6017 45.5339 166.184
180 1 0 146 128 222 0 15 109.869 22.7895 43.1659 170.989
181 1 0 162 129 215 0 15 118.258 23.2104 55.6031 173.047
182 1 0 153 124 209 0 17 105.516 22.9154 45.2967 149.932
183 1 0 159 119 204 0 18 107.09 22.6827 37.6339 168.804
184 1 0 155 112 206 0 20 107.25 21.5502 32.6372 171.498
185 1 0 139 98 219 0 25 108.165 21.08 57.1203 166.488
186 1 0 138 95 221 0 26 115.328 23.2946 59.8035 179.137
187 1 0 137 90 216 0 28 113.221 23.7732 41.3144 172.985
188 1 0 141 86 205 0 29 107.454 22.0618 61.0177 191.9
189 1 0 156 79 187 0 30 105.068 23.153 39.4558 167.362
190 1 0 162 80 188 0 30 112.072 23.9085 62.6131 188.776
191 1 0 154 85 175 0 30 102.754 21.706 45.5126 154.916
192 1 0 157 85 168 0 31 104.077 21.7264 58.3193 157.878
193 1 0 164 91 159 0 31 107.943 22.1741 40.237 160.162
194 1 0 160 92 151 0 32 100.501 22.0747 41.9334 151.903
195 1 0 153 100 150 0 33 104.367 22.2911 44.8378 172.656
196 1 0 156 102 145 0 31 99.127 20.8903 38.1753 153.663
197 1 0 163 98 139 0 32 101.681 23.4398 21.7952 181.715
198 1 0 158 110 137 0 31 105.106 24.327 35.3335 181.221
199 1 0 158 112 134 0 30 95.0074 18.8193 62.9323 142.217
200 1 0 154 112 140 0 31 99.3909 19.7623 27.955 164.6
201 1 0 161 111 144 0 31 106.187 21.0841 56.4271 189.914
202 1 0 151 105 159 0 31 102.529 20.8429 23.2348 162.636
203 1 0 153 99 167 0 33 109.748 21.8296 60.1269 158.488
204 1 0 149 95 179 0 33 109.572 22.7422 48.5365 173.891
205 1 0 143 95 179 0 35 110.887 21.9156 44.4157 165.209
206 1 0 151 97 172 0 35 117.441 23.4531 52.4077 184.097
207 1 0 134 83 186 0 36 100.854 21.1186 53.5242 153.575
208 1 0 139 78 192 0 37 110.003 22.2018 57.636 177.351
209 1 0 125 87 185 0 38 102.569 21.9333 56.586 180.889
210 1 0 128 90 177 0 38 103.244 20.3138 53.1933 157.8
211 1 0 135 89 173 0 39 104.139 19.9203 59.4467 163.751
212 1 0 140 102 160 0 39 112.073 22.2275 62.8693 178.571
213 1 0 134 92 155 0 41 106.299 20.5103 70.2234 191.951
214 1 0 135 95 150 0 42 108.551 21.0454 53.0268 156.675
215 1 0 136 95 147 0 43 110.613 21.4982 51.236 164.472
216 1 0 143 96 132 0 41 100.033 20.8792 40.5495 154.54
217 1 0 148 95 128 0 41 99.0991 22.0729 44.1163 160.416
218 1 0 150 91 142 0 40 102.933 22.1441 36.8252 169.744
219 0.998055 0.00194532 146 99 144 1 40 108.319 23.3983 35.4521 165.318
220 0.998032 0.00196786 141 101 144 1 40 101.167 22.125 52.6205 160.411
221 0.998054 0.00194553 147 88 162 1 41 107.143 21.9912 47.4732 162.867
222 0.998012 0.00198807 146 87 161 1 39 97.1182 20.0864 39.9784 144.567
223 0.99802 0.00197998 152 82 171 1 38 102.086 20.7158 49.6764 154.901
224 0.998043 0.00195652 148 89 171 1 38 107.089 20.9599 66.1166 176.184
225 0.99802 0.00197954 141 92 174 1 36 99.3211 20.8151 54.7194 173.908
226 0.998048 0.00195249 140 93 175 1 37 109.825 22.7098 58.6654 183.524
227 0.998073 0.0019274 142 96 163 1 39 110.559 23.2156 56.8759 201.222
228 0.998031 0.00196893 148 90 177 1 36 105.735 24.5165 35.9506 174.522
229 1 0 143 96 176 0 37 105.585 20.5996 60.2515 186.427
230 1 0 163 101 152 0 36 108.057 20.3005 35.9167 196.584
231 1 0 159 97 159 0 36 102.336 21.3926 34.1528 174.831
232 1 0 159 106 149 0 35 95.5625 19.5553 46.9399 140.726
233 1 0 162 104 158 0 35 103.25 20.2565 46.9096 157.228
234 1 0 152 109 165 0 36 104.48 20.6964 44.913 152.146
235 1 0 147 108 171 0 37 109.556 22.1816 36.1109 163.866
236 1 0 149 113 165 0 37 112.357 24.3212 48.9702 173.672
237 1 0 153 111 154 0 36 94.9617 20.994 39.5219 151.231
238 1 0 141 108 170 0 36 95.6072 20.6 43.785 149.505
239 1 0 136 114 174 0 35 102.376 20.8205 58.5192 155.583
240 1 0 142 108 173 0 35 100.747 21.5074 31.8528 145.821
241 1 0 150 92 188 0 36 103.463 20.1166 51.6357 153.116
242 1 0 158 95 177 0 36 107.538 20.8367 41.0517 156.488
243 1 0 167 84 183 0 36 107.874 21.5988 57.2827 180.75
244 1 0 165 83 186 0 35 100.129 20.3629 43.2636 159.73
245 1 0 153 95 189 0 35 106.314 20.4168 48.4314 149.793
246 1 0 159 95 190 0 32 105.889 22.4055 54.5724 169.259
247 1 0 167 97 181 0 32 107.309 21.6202 54.8762 172.134
248 0.998002 0.00199756 154 95 190 1 32 101.301 21.5708 26.1022 166.879
249 0.998031 0.00196915 153 104 188 1 32 108.402 22.5072 29.5664 175.426
250 0.998019 0.00198129 174 109 161 1 30 106.718 22.7356 51.0574 176.798
251 0.998019 0.00198107 170 111 163 1 29 107.698 23.7889 51.7463 174.894
252 0.998029 0.00197131 176 113 153 1 30 106.43 22.8341 50.4108 177.765
253 0.998048 0.00195249 176 111 151 1 32 108.27 21.2459 31.5397 154.36
254 0.998007 0.00199313 177 99 165 1 28 102.73 20.6757 51.8585 155.741
255 0.997987 0.00201275 173 108 157 1 28 96.1334 20.6828 41.542 143.09
256 0.997984 0.0020159 164 110 166 1 28 98.3179 21.8421 43.9953 146.725
257 0.998013 0.00198697 170 110 171 1 28 104.098 23.4157 46.4772 159.022
258 1 0 169 108 171 0 28 100.005 21.2275 41.4115 152.294
259 1 0 162 112 181 0 28 107.351 22.7011 46.1092 191.5
260 1 0 153 117 185 0 27 104.898 21.7758 39.9557 147.553
261 1 0 156 115 191 0 27 110.243 23.1546 32.8341 166.614
262 1 0 147 114 187 0 27 99.7833 19.9905 49.5763 142.834
263 1 0 156 119 169 0 27 101.977 21.2873 53.1877 157.577
264 1 0 155 112 178 0 27 103.871 22.3608 51.3864 167.255
265 1 0 163 105 182 0 28 104.204 21.9254 50.4037 164.572
266 1 0 162 107 185 0 30 107.776 21.8197 53.6309 163.66
267 1 0 164 104 186 0 31 111.466 22.7366 51.1181 174.195
268 1 0 157 108 185 0 32 112.906 22.4291 29.2245 179.884
269 1 0 148 102 196 0 32 105.815 21.6619 38.8299 163.289
270 1 0 148 102 189 0 32 101.85 19.727 62.4352 166.936
271 1 0 149 105 188 0 33 106.889 19.6989 62.5237 158.017
272 1 0 136 106 203 0 32 103.607 20.6254 49.1407 158.226
273 1 0 151 105 192 0 30 102.657 21.2083 51.884 161.442
274 1 0 156 106 180 0 31 104.003 22.422 37.7502 167.416
275 1 0 159 95 178 0 33 102.797 20.2301 25.7808 167.084
276 1 0 165 104 169 0 33 111.132 21.6674 49.6442 177.264
277 1 0 157 94 170 0 35 105.944 21.3567 45.0859 168.975
278 1 0 167 91 161 0 36 107.402 21.3127 60.299 162.475
279 1 0 166 88 165 0 36 106.574 21.3474 61.3466 174.534
280 1 0 160 86 167 0 37 109.543 21.5372 56.1316 164.367
281 1 0 167 88 159 0 36 104.806 22.5354 43.6479 160.517
282 1 0 165 98 157 0 36 112.564 22.6262 61.2919 163.931
283 1 0 148 90 157 0 38 95.7183 19.668 35.4085 162.704
284 1 0 140 109 141 0 39 96.1811 21.4659 42.2385 157.973
285 1 0 145 106 146 0 39 101.137 21.0954 57.2395 162
286 1 0 148 103 149 0 38 101.245 20.7458 51.6024 158.248
287 1 0 149 102 139 0 39 96.8713 20.5914 60.8821 164.841
288 1 0 154 101 134 0 40 97.8997 21.2775 49.2264 163.412
289 1 0 149 107 144 0 40 104.926 20.974 55.3384 182.431
290 1 0 155 108 141 0 40 110.004 21.4051 61.5607 187.127
291 1 0 147 105 155 0 40 109.444 21.1329 60.8883 164.59
292 1 0 151 106 158 0 40 115.583 22.263 42.1565 178.49
293 1 0 140 95 187 0 41 114.5 22.6666 52.0849 167.401
294 1 0 132 91 177 0 46 112.392 22.5816 52.7428 174.628
295 1 0 141 89 168 0 44 112.356 23.8892 53.7446 169.394
296 1 0 132 97 173 0 43 110.595 22.7031 54.5742 170.095
297 1 0 131 94 167 0 44 102.965 19.1919 58.0054 148.714
298 1 0 126 97 176 0 43 102.469 22.3319 39.6646 161.068
299 1 0 125 102 175 0 40 99.7704 21.8829 37.2337 159.339
300 1 0 142 93 176 0 40 104.534 22.0137 52.3355 163.294
301 1 0 153 94 170 0 38 106.476 22.9965 47.9339 175.167
302 1 0 158 100 156 0 38 103.902 21.3614 45.2302 176.779
303 1 0 150 102 160 0 37 102.98 22.4796 44.1068 155.684
304 1 0 149 96 157 0 39 102.465 22.2808 37.2661 154.689
305 1 0 150 90 166 0 41 103.68 22.6153 44.4256 158.927
306 1 0 153 94 164 0 39 104.46 22.1857 44.7439 154.681
307 1 0 153 95 166 0 38 102.328 21.0512 51.3081 152.692
308 1 0 145 102 173 0 36 104.756 21.6678 48.7101 154.239
309 1 0 157 110 159 0 35 109.714 21.2243 53.8027 168.222
310 1 0 149 110 155 0 35 98.2346 19.9779 39.8029 168.481
311 1 0 154 110 162 0 34 103.253 21.0057 53.593 149.841
312 1 0 146 122 162 0 32 105.101 22.5693 50.9895 181.081
313 1 0 142 121 164 0 32 103.037 20.9954 59.7351 155.118
314 1 0 159 117 163 0 30 109.587 22.2102 58.9747 166.897
315 1 0 160 116 160 0 29 102.833 20.8061 53.967 168.679
316 1 0 170 111 169 0 29 112.18 21.7515 61.4924 169.486
317 1 0 162 111 175 0 29 110.036 22.6614 30.6437 169.684
318 1 0 149 104 187 0 32 106.596 22.6421 61.9105 178.716
319 1 0 147 100 197 0 32 109.202 21.825 55.1349 158.85
320 1 0 148 106 202 0 31 113.2 23.1714 64.3515 170.683
321 1 0 141 100 211 0 31 102.489 21.9106 45.2959 160.626
322 1 0 142 101 211 0 32 112.18 22.5343 43.9148 161.571
323 1 0 134 102 197 0 33 98.6894 19.0634 54.1705 150.458
324 1 0 136 103 193 0 32 97.44 19.3735 57.3277 144.34
325 1 0 152 102 179 0 33 101.691 21.7116 50.4056 169.911
326 0.997972 0.00202794 163 101 175 1 29 95.4474 22.772 23.2443 169.884
327 0.997976 0.00202406 169 102 169 1 28 96.9939 20.4788 46.4379 164.603
328 0.99801 0.00199027 173 109 160 1 30 102.454 20.7806 51.6743 164.25
329 0.998008 0.00199247 179 102 167 1 30 101.664 21.7989 39.9053 165.726
330 0.998024 0.00197563 184 102 162 1 30 105.738 20.8587 41.0167 172.608
331 0.998023 0.00197737 175 115 158 1 29 106.805 21.7934 31.4198 174.865
332 1 0 171 104 177 0 30 103.741 20.8802 47.3097 166.264
333 1 0 162 107 173 0 30 92.4083 20.2292 43.2256 146.596
334 1 0 164 111 174 0 30 101.407 21.3129 17.3742 158.391
335 1 0 169 110 175 0 29 104.973 23.1812 38.1568 168.645
336 1 0 172 113 175 0 28 109.242 23.6696 37.5137 164.571
337 1 0 171 116 182 0 23 101.958 23.5396 39.9945 170.656
338 1 0 188 117 173 0 23 108.226 24.2955 43.6201 179.835
339 1 0 171 121 177 0 24 104.262 21.5859 43.1787 162.813
340 1 0 155 118 199 0 23 102.831 19.5977 44.9352 152.943
341 1 0 175 115 186 0 23 111.893 21.8515 60.2297 167.405
342 1 0 157 114 194 0 23 96.0593 21.3886 29.4001 147.019
343 1 0 156 120 198 0 23 104.388 22.473 32.0284 164.863
344 1 0 151 125 189 0 25 105.921 23.1098 37.9252 183.768
345 1 0 160 123 189 0 25 113.28 23.7666 50.3031 203.882
346 1 0 146 123 187 0 27 105.956 22.3789 41.3614 160.88
347 1 0 148 118 188 0 25 93.7201 20.7477 30.3458 140.948
348 1 0 151 116 199 0 24 98.7392 21.5251 31.0442 153.571
349 1 0 165 113 200 0 24 107.049 22.6313 46.617 165.219
350 1 0 157 118 193 0 25 105.9 22.6366 49.2648 181.735
351 1 0 155 115 202 0 26 106.983 21.708 41.2063 169.752
352 1 0 152 114 202 0 28 112.177 23.3841 57.0218 174.727
353 1 0 148 116 204 0 29 117.073 22.9779 62.8185 172.278
354 1 0 147 114 198 0 30 115.549 23.1951 55.6789 180.041
355 1 0 137 102 214 0 33 113.324 21.837 61.1183 174.801
356 1 0 139 93 201 0 36 109.023 22.6324 57.1003 192.733
357 1 0 149 94 190 0 37 111.925 23.2553 60.5056 196.951
358 1 0 148 92 168 0 40 104.306 22.2051 51.9562 158.268
359 1 0 156 92 166 0 40 113.106 23.5919 61.3336 190.075
360 1 0 164 91 158 0 39 110.225 24.0875 66.8597 210.616
361 1 0 157 92 165 0 37 105.447 22.1262 51.7033 198.758
362 1 0 145 92 169 0 39 106.049 20.9895 54.479 165.349
363 1 0 145 91 167 0 39 104.635 20.3952 63.9882 168.661
364 0.998051 0.00194868 158 87 155 1 40 105.903 19.5082 58.9215 155.86
365 0.998065 0.00193507 159 97 145 1 41 109.42 20.471 65.1996 157.614
366 0.998052 0.00194826 150 99 146 1 42 107.036 20.9148 34.7734 156.61
367 0.998037 0.00196335 149 94 151 1 42 103.613 22.4399 47.8888 167.472
368 0.99804 0.00196036 143 100 145 1 42 104.012 21.247 54.9301 168.068
369 0.998055 0.00194468 137 102 142 1 44 108.116 22.1517 51.7597 179.838
370 0.998072 0.00192843 146 100 142 1 44 112.076 20.6425 53.9271 166.772
371 0.998062 0.00193778 148 99 148 1 42 110.801 22.8006 57.7236 176.716
372 0.998034 0.00196614 141 105 141 1 42 103.631 21.1311 58.7566 164.843
373 0.998059 0.00194091 146 106 135 1 43 108.721 22.1434 59.6231 171.522
374 1 0 144 98 151 0 45 112.544 20.7155 61.0098 170.505
375 1 0 150 93 161 0 44 118.713 21.1157 71.5474 162.954
376 1 0 145 96 153 0 44 112.901 22.1275 65.329 182.692
377 1 0 129 102 164 0 45 114.87 23.94 66.139 168.675
378 1 0 126 98 173 0 46 118.262 24.6397 44.9799 194.57
379 1 0 124 98 160 0 47 106.951 23.0508 52.5338 171.773
380 1 0 125 87 158 0 49 94.9824 18.9748 49.6793 137.053
381 1 0 125 86 169 0 49 102.68 19.7188 55.2822 166.834
382 1 0 112 90 174 0 48 94.2611 20.1202 42.9451 139.235
383 1 0 126 96 158 0 46 97.787 21.5868 29.3456 158.686
384 1 0 128 101 154 0 45 99.0999 19.4476 43.7214 155.496
385 1 0 127 100 158 0 44 97.2582 20.5008 52.5702 145.754
386 1 0 133 90 167 0 45 105.529 22.8002 50.744 165.393
387 1 0 133 86 166 0 46 100.546 21.0015 45.827 164.238
388 1 0 140 89 164 0 46 109.734 22.6122 47.5446 175.244
389 1 0 152 90 152 0 45 106.95 21.7808 52.0928 172.894
390 1 0 146 85 146 0 45 97.4796 20.7568 39.4849 154.104
391 1 0 142 85 153 0 46 100.369 20.8202 56.8088 151.088
392 1 0 138 88 161 0 46 104.584 21.6663 47.0075 158.018
393 1 0 144 81 170 0 45 107.558 21.1354 44.5873 187.026
394 1 0 142 83 157 0 43 92.6181 20.0253 40.8143 151.441
395 1 0 157 84 151 0 41 95.6704 19.5919 41.7137 151.011
396 0.998004 0.00199557 150 96 146 1 40 95.9035 19.8447 37.958 164.365
397 0.998019 0.00198129 149 102 148 1 39 100.118 21.1328 46.6938 179.395
398 0.998016 0.00198391 148 105 152 1 37 102.487 22.4401 40.8428 155.395
399 0.998012 0.00198807 152 108 149 1 37 101.504 21.6308 45.4393 152.599
400 0.998012 0.00198763 158 103 149 1 37 99.0311 21.99 43.1479 157.248
401 0.998006 0.00199402 158 103 152 1 37 99.8536 21.8645 62.6172 172.771
402 0.998035 0.00196485 167 110 135 1 38 105.15 21.8131 55.9048 169.289
403 0.998056 0.00194384 160 114 148 1 38 112.601 22.7774 24.5986 172.725
404 0.998029 0.00197087 151 112 147 1 39 105.828 21.0801 54.0555 157.857
405 0.996022 0.00397834 142 113 168 2 36 102.889 24.3971 41.8814 175.794
406 0.998009 0.00199115 137 111 176 1 37 100.169 21.0541 42.0214 173.941
407 1 0 143 102 180 0 38 103.083 22.6852 46.9362 166.532
408 1 0 145 101 189 0 38 109.389 21.449 39.2382 184.493
409 1 0 140 103 185 0 39 112.187 21.9521 47.7796 197.26
410 1 0 147 103 183 0 37 115.283 24.5784 51.8128 204.154
411 1 0 123 102 186 0 40 99.1825 21.0822 32.4991 151.988
412 1 0 126 106 185 0 39 104.54 22.7608 43.9127 155.063
413 1 0 129 101 185 0 40 105.268 22.5337 52.1556 173.716
414 1 0 136 93 176 0 39 95.9687 22.3315 44.7714 153.337
415 1 0 145 95 167 0 39 97.818 21.3895 45.1603 151.094
416 1 0 151 106 154 0 38 102.363 22.4582 54.5435 171.238
417 1 0 159 107 151 0 36 101.772 19.8654 43.0032 155.49
418 0.998029 0.00197087 155 99 167 1 37 104.981 20.3269 51.513 147.269
419 0.997996 0.00200423 156 96 169 1 35 96.9547 21.2382 52.7543 143.252
420 0.998015 0.00198478 159 98 173 1 34 103.039 21.8328 49.8708 149.129
421 0.998041 0.00195908 163 99 181 1 33 109.46 23.3815 40.7714 167.537
422 0.998053 0.00194742 160 99 177 1 35 112.735 21.6668 63.423 163.482
423 0.998032 0.00196807 162 101 171 1 33 108.172 20.872 52.2225 163.884
424 0.998042 0.00195801 159 104 168 1 34 109.333 21.4969 52.6763 157.973
425 0.99803 0.00196958 139 109 180 1 34 106.772 20.287 46.8909 148.676
426 0.998029 0.00197066 138 104 178 1 35 103.596 20.7774 48.7705 161.811
427 0.998047 0.0019527 152 102 166 1 36 107.612 21.2136 53.7345 161.452
428 1 0 147 103 168 0 37 105.457 22.422 54.529 154.743
429 1 0 143 102 165 0 37 101.299 21.7719 52.2288 145.874
430 1 0 147 103 163 0 35 98.589 18.966 56.0686 141.763
431 1 0 149 104 164 0 35 99.9058 20.4233 52.8639 156.149
432 1 0 144 108 170 0 35 103.756 23.018 37.3647 163.028
433 1 0 143 112 175 0 34 106.164 24.2134 38.7437 162.713
434 1 0 154 109 177 0 33 111.617 23.5358 57.3772 167.644
435 1 0 149 110 174 0 34 110.536 22.066 65.3348 164.843
436 1 0 139 121 169 0 35 109.442 22.4815 55.0868 162.328
437 1 0 137 126 174 0 34 114.398 25.5418 50.1457 169.046
438 1 0 138 128 172 0 34 116.405 24.7202 55.4606 185.19
439 1 0 125 128 168 0 34 101.558 21.1367 51.7812 150.591
440 1 0 131 122 166 0 36 105.541 19.9455 52.1026 152.717
441 1 0 134 122 173 0 36 112.462 20.7422 56.6414 165.981
442 1 0 133 113 179 0 35 104.92 20.2383 63.5558 151.781
443 1 0 148 112 171 0 35 111.094 22.4 64.7015 162.463
444 1 0 144 117 171 0 34 109.938 23.0435 53.7909 164.592
445 1 0 134 107 192 0 33 102.686 22.1289 48.2583 152.616
446 1 0 144 92 196 0 34 99.1705 20.843 52.3335 151.199
447 1 0 144 93 206 0 33 103.823 23.9582 51.3207 167.912
448 0.998021 0.00197911 141 83 217 1 35 103.975 20.3616 60.9525 165.824
449 0.998027 0.00197347 143 86 214 1 33 107.497 23.1777 22.8757 180.89
450 0.998012 0.00198829 144 91 200 1 32 102.099 21.1374 52.9659 147.947
451 0.998033 0.00196743 150 92 193 1 33 105.445 21.4649 47.0285 146.507
452 0.998013 0.00198654 148 99 188 1 31 100.94 20.7461 52.5358 155.465
453 0.998054 0.00194616 149 104 193 1 31 111.431 22.7239 53.8324 164.63
454 0.998015 0.00198544 170 94 177 1 29 103.847 19.1324 65.1535 152.961
455 0.998038 0.00196228 175 107 157 1 29 108.379 20.9011 63.4757 170.656
456 0.997987 0.00201275 169 107 156 1 28 98.3296 20.42 51.2167 153.723
457 0.997977 0.00202293 180 107 148 1 27 97.0127 20.0886 31.6167 142.583
458 1 0 181 112 143 0 28 101.278 21.2617 49.4001 147.657
459 1 0 177 110 157 0 28 105.445 21.7945 57.0266 155.405
460 1 0 176 118 153 0 27 108.848 21.8487 52.1447 185.731
461 1 0 161 120 163 0 27 101.4 19.6562 28.1792 159.538
462 1 0 162 118 168 0 27 101.041 19.7131 37.3883 147.387
463 1 0 162 128 161 0 27 106.706 20.4766 54.1917 160.208
464 1 0 153 122 182 0 27 108.571 21.4415 52.9841 160.528
465 1 0 150 125 189 0 25 107.929 21.7937 51.934 176.319
466 1 0 153 120 185 0 25 103.952 19.4497 52.9312 163.322
467 1 0 147 126 194 0 24 111.03 22.877 49.688 184.495
468 1 0 158 113 187 0 26 109.691 22.0637 61.9337 167.645
469 1 0 146 110 201 0 26 104.521 21.6224 38.7195 161.077
470 0.998017 0.00198347 147 107 204 1 26 105.668 22.6623 63.8576 162.224
471 0.99799 0.00201005 146 100 202 1 26 99.2574 21.4283 49.1167 156.197
472 0.998006 0.0019938 147 98 215 1 25 103.902 24.2761 44.6614 157.788
473 0.997999 0.00200133 152 100 197 1 25 100.782 22.56 51.6614 167.632
474 0.998015 0.00198456 159 99 200 1 25 103.401 19.8411 53.3439 169.632
475 0.998019 0.00198107 160 100 190 1 26 106.517 21.7304 41.7901 150.505
476 0.997995 0.0020049 150 98 198 1 27 99.8562 22.5083 37.1191 165.454
477 0.998023 0.00197715 157 105 186 1 26 108.029 23.4769 36.2004 173.258
478 0.99802 0.00197998 164 98 187 1 26 106.822 22.7799 51.5599 167.312
479 0.998023 0.00197715 162 99 188 1 26 107.764 20.8404 38.8653 158.456
480 1 0 169 104 167 0 25 97.8928 20.7326 46.5071 149.938
481 0.998019 0.00198129 184 103 165 1 25 106.602 22.5649 55.5672 171.566
482 0.998038 0.00196185 178 97 174 1 27 111.7 21.5288 59.7064 173.193
483 0.996053 0.00394737 170 106 162 2 28 105.627 22.213 39.9334 187.006
484 0.99603 0.00397 153 112 164 2 29 100.712 21.5325 32.7458 156.185
485 0.995975 0.00402459 154 108 160 2 29 97.4513 20.9111 48.1476 158.273
486 0.996038 0.0039617 148 108 166 2 30 103.97 21.8277 46.8302 158.068
487 0.99608 0.00392029 152 104 155 2 32 106.489 20.308 65.6802 178.022
488 0.996061 0.00393873 157 100 154 2 32 104.656 20.3106 40.7196 155.131
489 0.996089 0.00391134 149 100 173 2 30 108.947 21.723 50.4509 154.257
490 0.996063 0.00393658 152 102 154 2 31 105.926 21.8308 52.1616 162.823
491 0.998048 0.00195207 161 105 145 1 31 109.939 22.6092 61.6707 164.806
492 0.997993 0.00200736 155 102 156 1 30 97.9604 21.65 46.597 156.996
493 1 0 160 99 159 0 30 98.4565 20.4977 49.5688 152.475
494 1 0 158 101 163 0 30 103.088 21.0027 32.7327 160.534
495 1 0 163 99 167 0 29 107.751 22.4259 43.9055 176.27
496 1 0 144 101 169 0 30 99.9734 21.0802 49.9338 149.194
497 1 0 151 107 158 0 30 106.229 21.2995 51.2988 165.251
498 1 0 154 108 161 0 30 110.351 22.0147 52.4587 167.956
499 1 0 143 107 173 0 31 107.265 22.286 42.9787 160.545
500 1 0 133 103 182 0 30 100.294 21.6547 45.7588 161.848
501 0.998054 0.00194595 144 96 178 1 32 108.263 20.9059 52.0559 157.08
502 0.998066 0.00193403 134 107 171 1 33 110.235 21.2501 54.6182 169.106
503 0.998041 0.00195865 138 93 172 1 36 102.542 21.11 43.0421 157.921
504 0.998051 0.0019489 131 105 170 1 35 105.778 20.8985 52.4639 161.073
505 0.998051 0.0019489 130 106 171 1 35 106.264 20.0007 60.1196 172.163
506 0.998066 0.00193382 125 101 180 1 36 108.366 20.6219 48.4001 175.152
507 0.998037 0.00196335 125 102 171 1 36 103.433 21.8496 41.672 179.141
508 0.998058 0.00194217 140 97 169 1 36 108.97 24.2819 53.2026 180.712
509 0.998031 0.00196893 140 99 160 1 35 105.395 22.3131 42.878 174.761
510 0.998052 0.00194805 147 108 144 1 36 106.876 22.352 48.2369 181.034
511 1 0 143 102 157 0 35 100.836 20.8577 43.3987 151.573
512 1 0 152 111 144 0 33 102.295 22.6514 36.7222 152.604
513 1 0 139 110 167 0 33 102.028 22.2354 49.2929 159.658
514 1 0 135 111 175 0 32 99.6385 20.6977 44.8946 158.605
515 1 0 137 119 168 0 32 107.324 20.8224 55.8964 170.102
516 1 0 137 112 180 0 33 109.058 22.7056 36.9519 169.715
517 1 0 136 111 168 0 35 112.202 22.7544 60.9773 177.166
518 1 0 122 104 178 0 35 99.7133 22.0803 51.7578 162.44
519 1 0 120 105 187 0 34 103.6 22.7413 24.7028 159.867
520 1 0 125 98 178 0 37 105.874 20.738 39.735 159.861
521 1 0 114 96 187 0 38 103.952 20.8524 44.4621 154.76
522 1 0 134 87 183 0 38 106.464 21.1926 48.4383 171.626
523 1 0 135 82 189 0 37 104.998 20.5272 57.025 154.383
524 1 0 123 87 190 0 37 101.322 20.992 50.6182 143.362
525 1 0 131 94 180 0 35 102.09 21.567 46.3756 140.807
526 1 0 131 95 181 0 34 98.0048 21.7174 43.8103 144.014
527 1 0 134 101 177 0 33 100.785 22.6636 41.2565 147.835
528 1 0 138 102 173 0 34 107.591 22.1829 58.3571 170.042
529 1 0 139 111 167 0 33 107.827 22.1762 63.1813 181.312
530 1 0 141 113 169 0 32 103.753 20.6713 50.0553 152.598
531 1 0 150 117 153 0 34 106.088 21.6909 51.3754 164.206
532 1 0 154 125 150 0 34 114.31 22.0246 56.5643 184.906
533 1 0 143 127 157 0 33 109.687 23.2639 41.203 186.426
534 1 0 140 120 167 0 35 115.676 24.1639 55.4952 194.297
535 1 0 133 111 170 0 36 107.318 23.062 32.3871 172.828
536 1 0 128 101 174 0 38 103.145 21.2226 52.6201 171.606
537 1 0 129 103 180 0 38 110.572 24.4048 55.86 174.754
538 1 0 121 92 192 0 38 98.6014 19.2332 47.5434 148.274
539 1 0 131 89 190 0 38 100.975 21.6109 58.9005 167.401
540 1 0 133 90 195 0 38 108.335 22.2347 65.7548 153.576
541 1 0 142 72 204 0 39 107.364 22.1606 66.2657 154.656
542 1 0 150 65 205 0 39 109.25 20.9781 55.7009 177.147
543 1 0 153 82 185 0 37 110.524 23.689 39.1903 171.208
544 0.997978 0.00202224 149 85 178 1 33 94.0679 21.2842 48.5845 149.779
545 0.998014 0.00198632 156 92 166 1 34 100.984 20.9926 57.4459 159.158
546 0.998017 0.00198347 158 94 164 1 33 100.474 20.4069 54.8919 159.815
547 0.998052 0.00194826 166 98 156 1 35 110.453 22.2438 52.3173 172.33
548 0.99804 0.00195972 161 105 147 1 35 108.6 21.94 57.4971 175.277
549 0.998049 0.00195122 157 114 145 1 36 110.19 22.0707 51.5694 190.369
550 0.998057 0.00194342 156 111 134 1 39 108.568 21.3697 44.4188 174.376
551 0.998064 0.0019359 163 116 121 1 40 109.025 21.5988 65.5747 180.259
552 0.998052 0.00194826 147 113 146 1 39 108.29 21.4002 55.9441 165.545
553 0.998069 0.00193092 142 122 146 1 38 113.111 21.3923 56.8201 187.372
554 1 0 124 129 147 0 39 106.867 20.9697 64.1193 156.346
555 1 0 128 120 151 0 38 101.429 20.3761 68.4164 144.178
556 1 0 133 123 152 0 37 104.648 22.0329 44.5705 166.03
557 1 0 124 123 168 0 38 110.925 22.5031 67.9795 164.778
558 1 0 123 118 172 0 39 110.211 21.9673 65.809 156.745
559 1 0 120 111 182 0 38 105.579 21.3324 47.3921 158.917
560 1 0 119 107 195 0 35 100.404 24.2221 34.2462 181.972
561 1 0 137 103 193 0 35 106.847 23.5797 56.4987 173.323
562 1 0 129 109 203 0 35 113.308 23.6154 59.9752 178.486
563 1 0 128 98 217 0 33 103.249 21.8026 57.0737 160.752
564 1 0 135 95 207 0 34 108.278 22.8293 36.1441 159.408
565 1 0 131 89 205 0 35 101.315 19.2358 52.2628 142.518
566 0.998043 0.00195695 139 88 202 1 36 107.732 21.1542 57.1988 154.727
567 0.998027 0.0019726 131 89 194 1 39 102.15 19.8509 46.6507 163.199
568 0.998062 0.0019384 137 96 188 1 39 111.653 22.5722 46.6297 184.242
569 0.99805 0.00194953 147 96 175 1 38 111.786 23.599 41.8397 181.28
570 0.998013 0.00198697 147 98 161 1 37 99.5989 19.9361 37.5612 153.404
571 0.998017 0.0019826 148 103 160 1 37 99.3973 20.8343 42.0775 151.525
572 0.998002 0.00199756 157 109 138 1 37 97.6229 20.3856 58.7443 159.646
573 0.998019 0.00198107 150 118 141 1 36 102.692 21.3078 66.5758 166.295
574 0.998026 0.0019739 152 114 145 1 37 105.625 21.7646 41.8346 168.13
575 0.998017 0.0019826 151 112 144 1 38 103.013 19.8565 60.5207 163.593
576 1 0 152 113 153 0 37 103.009 20.2894 51.5141 157.894
577 1 0 156 113 158 0 35 100.753 22.1772 39.652 155.514
578 1 0 163 111 156 0 34 95.9574 20.8432 44.3936 156.559
579 1 0 156 110 178 0 32 99.2285 23.6564 39.0094 161.033
580 1 0 153 110 187 0 32 100.388 20.9594 39.0851 165.106
581 1 0 140 118 201 0 30 104.543 22.5372 47.3386 186.868
582 1 0 133 107 216 0 31 104.582 19.739 61.9723 166.224
583 1 0 145 108 206 0 31 111.311 21.7164 68.6031 185.774
584 1 0 141 100 208 0 32 104.975 21.0053 57.1048 151.834
585 1 0 155 94 202 0 33 113.385 22.179 46.0525 203.368
586 1 0 157 90 193 0 36 117.127 22.2437 52.3542 171.74
587 1 0 150 87 185 0 40 116.895 22.5341 52.2235 191.656
588 0.998049 0.00195122 150 73 182 1 42 107.93 24.0561 49.6273 176.586
589 0.998057 0.00194301 164 76 166 1 42 109.96 23.3687 41.4063 167.38
590 0.99804 0.00195993 156 79 169 1 41 106.452 21.7855 46.1432 170.354
591 0.998048 0.00195249 156 91 156 1 41 109.704 23.0006 31.8869 166.173
592 0.998035 0.00196485 143 90 150 1 44 100.422 21.6709 44.442 155.226
593 0.997974 0.00202566 140 95 148 1 41 92.1682 20.21 45.4681 138.551
594 0.998 0.002 149 99 136 1 41 96.5162 21.1337 48.2696 152.123
595 0.99801 0.00198983 149 101 135 1 41 97.4404 20.8659 37.6318 156.071
596 0.998033 0.001967 150 102 140 1 41 103.074 22.5046 47.2579 159.341
597 0.998019 0.00198129 168 103 126 1 39 102.519 23.7384 37.0133 162.788
598 1 0 162 107 123 0 40 99.9353 21.2757 37.0231 152.157
599 1 0 166 101 138 0 40 104.997 22.1338 32.0167 161.14
600 1 0 155 89 157 0 43 104.445 20.4012 47.6805 152.281
601 1 0 146 91 161 0 42 94.7403 21.0542 32.9468 146.001
602 1 0 142 88 178 0 43 97.9009 20.9386 37.4771 151.168
603 1 0 133 86 180 0 45 102.499 21.5585 45.582 150.219
604 1 0 140 87 177 0 45 111.223 22.5836 50.9626 169.599
605 1 0 135 89 172 0 46 108.446 24.339 48.2948 191.162
606 1 0 134 90 170 0 47 111.203 22.4892 53.2359 167.713
607 1 0 119 99 173 0 47 108.498 21.7791 39.978 167.491
608 1 0 140 97 157 0 45 105.178 21.7136 55.7419 171.877
609 1 0 157 89 151 0 45 103.584 20.5473 43.7806 166.403
610 1 0 159 90 160 0 42 107.301 21.8021 59.8785 172.672
611 1 0 165 94 150 0 43 110.277 21.513 71.5273 178.254
612 1 0 152 100 154 0 43 110.099 19.2291 51.3952 177.914
613 1 0 146 108 153 0 43 113.386 20.9963 50.5869 181.514
614 1 0 142 104 156 0 44 111.262 22.928 56.6983 174.905
615 1 0 135 94 161 0 44 99.9483 20.193 48.243 154.729
616 1 0 139 91 164 0 45 104.035 21.3753 59.1278 162.797
617 0.998042 0.00195844 133 93 159 1 47 104.836 22.9375 52.7405 164.748
618 0.998027 0.0019726 132 98 143 1 48 98.9953 22.8077 45.4399 157.97
619 0.998019 0.00198063 134 100 146 1 47 100.371 23.796 46.0071 163.15
620 0.998012 0.00198829 136 94 155 1 47 99.8792 20.108 56.7837 151.227
621 0.998027 0.00197347 135 97 156 1 46 104.48 20.2467 51.5161 170.685
622 0.998041 0.00195886 125 102 167 1 46 108.862 22.0683 64.6643 174.291
623 0.998051 0.00194868 131 104 166 1 45 110.679 23.2179 55.5483 169.611
624 0.997993 0.00200736 125 104 159 1 44 98.8065 19.7286 52.0538 149.417
625 0.997983 0.00201681 135 104 156 1 42 98.8221 20.4268 46.6579 147.357
626 0.998014 0.0019861 135 105 165 1 42 103.29 21.5314 45.6123 146.317
627 1 0 126 109 177 0 39 101.04 22.5403 31.5439 161.853
628 1 0 132 96 184 0 39 95.4097 21.6769 38.3828 154.284
629 1 0 142 103 175 0 36 98.3151 23.1842 21.8062 154.659
630 1 0 139 108 177 0 33 96.4537 23.5043 24.2514 167.545
631 1 0 155 98 182 0 30 94.0327 23.7411 23.3169 168.47
632 1 0 156 99 185 0 30 95.7348 19.3224 52.2664 146.772
633 1 0 161 96 189 0 30 99.4013 19.4547 54.4341 146.686
634 1 0 153 105 187 0 29 98.1691 19.9777 53.222 145.999
635 1 0 159 110 180 0 26 94.4269 22.2174 48.8962 134.606
636 1 0 167 104 191 0 25 98.4352 20.8186 57.7799 148.496
637 1 0 175 101 180 0 26 93.9883 19.4289 38.2126 149.147
638 1 0 176 100 191 0 25 98.9134 21.3415 41.5366 156.093
639 1 0 168 111 195 0 25 106.403 22.7256 43.7869 166.234
640 1 0 164 113 173 0 29 102.05 20.918 44.0864 157.619
641 1 0 163 115 176 0 29 102.114 20.5598 56.0383 148.685
642 1 0 169 118 174 0 28 109.415 21.8561 53.1207 157.703
643 1 0 159 114 187 0 26 98.2531 20.1639 40.6929 171.412
644 1 0 161 105 190 0 25 96.848 20.193 39.7976 164.66
645 1 0 175 113 174 0 23 102.594 21.0535 42.3045 175.728
646 0.998002 0.00199845 163 124 170 1 24 102.679 21.9187 48.1991 178.093
647 0.998006 0.00199446 163 129 162 1 25 102.91 19.858 53.0495 153.152
648 0.998013 0.00198654 160 131 176 1 23 108.385 21.0259 39.433 158.251
649 0.998018 0.00198194 149 129 193 1 23 108.711 21.8336 56.9104 165.539
650 0.998006 0.00199424 155 122 189 1 23 104.804 21.2984 48.5389 170.629
651 0.998032 0.00196829 152 128 195 1 22 112.123 22.0879 48.3973 169.054
652 0.998054 0.00194637 165 126 191 1 23 118.343 22.1063 63.3554 176.795
653 0.998035 0.00196528 149 122 184 1 27 111.267 22.6647 63.4594 170.843
654 0.998012 0.00198829 140 122 191 1 27 103.227 21.5249 53.8042 170.001
655 0.998041 0.00195908 145 111 213 1 27 110.703 23.4459 56.8093 165.632
656 1 0 147 107 223 0 25 115.211 23.1687 46.3787 181.124
657 1 0 152 93 221 0 24 102.114 21.2145 34.5191 166.26
658 1 0 161 95 215 0 24 111.211 22.8489 40.3997 198.793
659 1 0 160 97 213 0 24 113.279 21.0957 62.1075 171.681
660 1 0 155 97 217 0 25 113.16 23.5274 43.4875 166.984
661 1 0 150 97 208 0 25 99.7103 20.86 54.5889 171.477
662 1 0 151 99 206 0 24 104.82 22.7594 56.4643 178.424
663 1 0 156 101 202 0 24 108.779 24.4012 55.9709 188.019
664 1 0 176 104 186 0 24 115.079 24.0574 56.2103 182.316
665 1 0 171 107 175 0 23 105.237 19.8758 60.1348 152.305
666 0.998022 0.00197824 173 115 155 1 24 104.471 21.3487 46.4506 161.262
667 0.998041 0.00195929 165 123 159 1 24 109.24 22.8683 46.8146 171.899
668 0.998027 0.00197282 157 124 157 1 25 104.954 23.1269 28.1567 159.857
669 0.998035 0.00196528 169 122 159 1 25 108.295 21.4931 60.4648 163.77
670 0.998058 0.00194196 171 117 169 1 27 113.326 21.5417 69.256 162.623
671 0.998042 0.00195759 164 123 171 1 27 109.625 21.1111 27.6639 157.976
672 0.998024 0.00197585 157 129 171 1 27 106.48 21.0647 55.1273 160.245
673 0.998059 0.00194133 158 129 173 1 28 113.454 21.3458 65.6046 178.344
674 0.99803 0.00197023 141 130 179 1 29 107.769 22.3902 58.8855 176.734
675 0.998051 0.00194911 137 129 192 1 28 113.459 22.4818 59.766 174.066
676 1 0 129 109 205 0 33 113.551 21.7029 67.8362 164.933
677 1 0 119 109 208 0 35 112.194 22.9752 55.0499 178.394
678 1 0 124 95 190 0 39 103.33 21.6616 60.9801 174.257
679 1 0 133 95 180 0 41 107.494 21.995 54.7816 170.163
680 1 0 132 95 191 0 39 112.741 24.6191 55.1071 186.417
681 1 0 132 83 203 0 40 108.422 22.3901 52.6918 165.802
682 1 0 137 79 199 0 40 109.424 23.5111 64.0855 168.125
683 1 0 131 69 201 0 45 105.511 22.0379 56.2888 160.979
684 1 0 139 64 194 0 44 107.244 20.4289 40.2651 158.246
685 1 0 146 69 166 0 46 105.842 20.021 65.1912 149.076
686 1 0 139 83 159 0 46 106.001 19.9385 44.0284 157.817
687 1 0 141 87 154 0 46 104.726 20.2921 64.2979 157.797
688 1 0 137 99 150 0 46 110.407 22.2855 54.6574 170.219
689 1 0 135 103 139 0 46 102.762 18.0899 56.546 152.286
690 1 0 149 108 122 0 46 106.153 18.7906 59.0078 167.949
691 1 0 147 115 116 0 46 108.133 20.4009 51.0923 169.426
692 1 0 154 116 110 0 45 100.649 20.5294 54.1568 157.328
693 1 0 155 122 109 0 43 102.063 20.3199 45.5203 163.704
694 1 0 147 124 122 0 43 106.28 21.7732 43.3714 165.26
695 1 0 148 110 143 0 42 102.453 21.4161 44.2309 155.122
696 1 0 141 114 148 0 41 97.7852 19.4962 49.655 151.812
697 1 0 133 116 168 0 40 100.639 21.9533 54.1812 161.925
698 1 0 130 115 184 0 40 108.984 23.1161 46.152 180.563
699 1 0 120 106 194 0 40 96.1246 19.8865 50.4191 153.365
700 1 0 119 101 210 0 37 95.3766 24.1075 29.2178 161.755
701 1 0 129 97 211 0 37 101.2 22.2079 24.3767 172.749
702 1 0 129 98 218 0 36 106.577 23.633 34.9235 200.615
703 1 0 133 89 219 0 34 101.029 22.493 30.4365 149.697
704 1 0 142 96 200 0 35 107.246 22.3206 46.0768 159.244
705 1 0 143 95 198 0 36 106.65 21.8778 57.8101 157.955
706 1 0 157 97 192 0 36 113.532 23.0112 66.7966 171.482
707 1 0 165 94 189 0 37 116.095 23.6456 65.2881 172.559
708 1 0 157 95 181 0 38 105.163 21.5171 48.8675 155.754
709 1 0 158 102 159 0 37 99.4354 19.9079 54.4449 145.809
710 1 0 167 103 155 0 37 105.435 21.3652 57.9059 150.566
711 1 0 153 117 151 0 39 109.159 21.9532 63.188 169.702
712 0.99805 0.00194953 153 116 143 1 39 108.779 21.3914 51.4539 177.816
713 0.998018 0.00198172 146 117 150 1 37 101.125 20.7454 58.9409 162.463
714 0.998016 0.00198369 147 110 158 1 37 101.177 20.3332 42.0466 162.674
715 0.998021 0.00197889 163 107 156 1 35 105.158 21.6072 43.9908 171.506
716 0.99802 0.0019802 167 109 154 1 34 105.873 20.8427 51.8593 162.788
717 0.998017 0.00198282 168 99 165 1 35 105.108 20.5302 44.6451 154.835
718 0.998034 0.00196635 155 98 179 1 36 108.503 20.3432 53.0732 158.961
719 0.997994 0.00200602 160 99 180 1 32 104.056 22.6897 44.352 180.474
720 0.997992 0.00200848 155 96 193 1 31 99.359 20.6994 53.8365 171.722
721 0.997987 0.0020132 157 95 193 1 29 97.902 19.8442 45.7407 147.876
722 1 0 166 92 200 0 27 102.106 22.3406 37.8039 157.824
723 1 0 166 95 191 0 28 101.363 20.2292 51.2227 162.687
724 1 0 179 98 181 0 27 104.696 21.8738 56.3811 168.103
725 1 0 163 103 184 0 27 101.12 20.9277 53.7196 151.391
726 1 0 167 107 172 0 25 99.7029 20.9013 42.3558 150.245
727 1 0 173 99 177 0 26 100.039 20.3199 36.5938 164.604
728 1 0 172 103 175 0 26 104.024 20.239 34.4585 156.37
729 1 0 184 109 165 0 25 105.903 21.4356 37.7286 165.999
730 1 0 169 116 166 0 28 104.115 19.9542 62.3967 167.502
731 1 0 172 117 163 0 29 107.118 20.5068 65.385 171.263
732 1 0 162 114 165 0 31 103.959 21.3705 35.5311 154.015
733 1 0 160 119 166 0 31 109.393 21.9081 49.8632 170.632
734 1 0 156 108 179 0 30 98.2506 20.7468 51.4691 147.49
735 1 0 148 109 186 0 30 101.091 21.8084 48.0202 156.196
736 1 0 153 117 171 0 30 99.1984 19.5879 51.3176 163.212
737 1 0 157 115 178 0 29 105.231 21.3635 44.249 157.125
738 1 0 162 109 183 0 28 101.593 21.2379 47.5294 159.48
739 1 0 166 104 195 0 27 107.223 23.1565 49.1014 177.825
740 0.99803 0.0019698 165 105 189 1 29 109.089 21.6516 55.6445 194.595
741 0.998053 0.00194679 166 105 192 1 30 114.815 22.5079 41.0781 183.399
742 0.99802 0.0019802 162 102 198 1 29 106.788 22.3695 48.7548 160.068
743 0.998045 0.00195482 174 105 191 1 29 114.102 23.5467 59.0628 174.454
744 0.998063 0.00193736 171 107 202 1 28 119.306 24.7991 56.7031 189.109
745 0.998056 0.00194447 160 111 205 1 27 120.149 23.5601 57.0799 182.883
746 0.998011 0.00198917 145 107 198 1 30 104.576 20.4944 51.0533 154.114
747 0.997994 0.00200624 156 107 185 1 28 101.205 20.0894 48.6944 150.556
748 0.998015 0.00198478 164 113 177 1 27 107.079 21.2026 44.0048 172.262
749 0.998035 0.00196549 163 110 177 1 29 109.481 21.4985 64.3271 172.824
750 1 0 161 106 174 0 31 110.547 21.7142 42.4177 169.973
751 1 0 166 101 168 0 32 103.486 21.6196 32.8496 155.466
752 1 0 158 99 167 0 33 98.7443 22.4149 35.93 150.098
753 1 0 160 108 157 0 34 104.674 21.2774 45.1914 166.112
754 1 0 153 110 163 0 34 102.082 20.8283 37.3262 163.031
755 1 0 147 117 164 0 34 104.775 22.0132 51.1654 166.909
756 1 0 149 120 161 0 34 110.377 22.6804 47.7447 172.908
757 1 0 144 122 167 0 33 111.333 23.6921 62.3588 189.956
758 1 0 140 120 166 0 34 107.966 21.2768 34.2208 161.244
759 1 0 144 118 171 0 35 111.173 22.8686 47.3725 173.08
760 1 0 143 123 160 0 35 108.52 22.6008 43.5406 168.34
761 1 0 147 118 169 0 35 113.184 24.508 62.7249 191.801
762 1 0 135 113 178 0 37 108.249 22.1306 65.5149 182.382
763 1 0 128 102 175 0 41 101.312 22.6959 43.6334 153.825
764 1 0 126 97 187 0 42 102.44 20.1842 55.6079 151.659
765 1 0 122 98 193 0 42 104.699 20.1935 55.8876 161.846
766 1 0 131 89 193 0 44 107.703 21.862 49.1171 159.509
767 1 0 129 94 193 0 42 110.608 24.813 44.8898 185.077
768 1 0 128 93 189 0 40 95.5042 19.8997 37.8096 145.712
769 1 0 125 96 196 0 40 101.465 21.7608 41.0824 158.25
770 1 0 132 98 188 0 39 104.987 21.0572 56.0781 158.3
771 1 0 143 92 181 0 39 101.478 22.5488 46.1944 175.074
772 1 0 146 88 171 0 41 100.597 21.3063 45.4841 155.502
773 1 0 160 90 165 0 38 103.727 22.1154 46.1719 157.911
774 1 0 156 95 165 0 35 92.5441 21.0679 43.5373 151.883
775 1 0 163 108 147 0 34 98.2741 21.9205 34.1549 162.96
776 1 0 167 104 157 0 34 102.11 21.9414 49.8819 174.126
777 1 0 152 101 159 0 38 99.9538 21.5147 43.5377 155.373
778 1 0 155 100 155 0 40 105.677 20.1127 46.0655 163.205
779 1 0 161 100 154 0 39 112.446 22.1703 47.9144 178.326
780 1 0 150 103 146 0 42 107.27 22.3014 56.503 166.963
781 1 0 143 111 151 0 41 108.84 23.2544 42.6269 178.343
782 1 0 143 110 146 0 43 106.803 20.2108 55.8682 161.289
783 1 0 146 101 159 0 41 102.532 22.2068 42.6674 167.4
784 1 0 114 97 178 0 43 95.7294 20.4126 45.8511 139.154
785 1 0 128 102 163 0 44 103.398 21.3955 66.8054 154.76
786 1 0 129 96 172 0 45 102.357 21.0608 52.8392 163.275
787 1 0 123 101 168 0 47 106.791 21.4373 61.6212 162.271
788 1 0 118 102 164 0 49 110.085 22.2848 59.392 161.609
789 1 0 116 99 172 0 45 104.727 24.2249 34.589 158.476
790 1 0 114 101 183 0 45 110.835 25.1082 52.0716 170.759
791 1 0 109 105 177 0 44 98.9735 21.3089 34.9217 159.911
792 1 0 132 106 161 0 42 98.8527 22.8982 45.1041 143.827
793 1 0 136 107 168 0 39 96.3085 23.7338 26.5078 155.331
794 1 0 135 108 179 0 36 94.928 20.9208 37.8892 179.584
795 1 0 146 116 165 0 34 99.5112 21.1969 57.8532 156.644
796 1 0 137 119 180 0 34 100.678 20.8331 57.1303 172.468
797 1 0 126 117 197 0 33 99.0729 21.9625 50.3838 158.961
798 1 0 133 125 188 0 32 107.334 24.202 39.031 178.197
799 1 0 139 114 193 0 34 109.651 23.4473 42.0135 164.986
800 1 0 133 111 198 0 35 109.783 22.169 60.0451 165.2
