0 0.0174229 0 6 1 0 0 0 0.00103892 0.00119965 0 0.00242468
1 0.0174229 0 5 2 0 0 0 0.000128899 0.00014884 0 0.000300947
2 0.0174229 0 5 2 0 0 0 0.000122054 0.000140936 0 0.000284962
3 0.0174229 0 5 2 0 0 0 0.000115746 0.000133652 0 0.000270228
4 0.0174229 0 2 5 0 0 0 0.000109917 0.000126922 0 0.000256431
5 0.0174229 0 2 5 0 0 0 0.000104522 0.000120692 0 0.000243845
6 0.0174229 0 2 5 0 0 0 9.95176e-05 0.000114913 0 0.000232171
7 0.0174229 0 2 5 0 0 0 9.48667e-05 0.000109543 0 0.000221322
8 0.0174229 0 2 5 0 0 0 9.05369e-05 0.000104543 0 0.000211221
9 0.0174229 0 2 4 2 0 0 6.45141e-05 9.12367e-05 0 0.000193481
10 0.0176994 0 2 3 4 0 0 7.38985e-05 9.05068e-05 0 0.00018469
11 0.0182526 0 2 3 4 0 0 7.04118e-05 8.62365e-05 0 0.000175977
12 0.0188057 0 2 3 4 0 0 6.71248e-05 8.22108e-05 0 0.000167763
13 0.0193588 0 2 0 10 0 0 8.038e-05 8.038e-05 0 0.00016076
14 0.0207415 0 2 0 10 0 0 7.71265e-05 7.71265e-05 0 0.000154253
15 0.0221243 0 1 1 10 0 0 7.3668e-05 7.3668e-05 0 0
16 0.0235071 0 1 1 10 0 0 7.07274e-05 7.07274e-05 0 0
17 0.0248898 0 1 1 10 0 0 6.78831e-05 6.78831e-05 0 0
18 0.0262726 0 3 1 8 0 0 0.0745842 0.0951871 0 0.232859
19 0.0273788 0 5 1 6 0 0 0.0222161 0.0300205 0 0.0869518
20 0.0282085 0 5 1 6 0 0 0.0100303 0.0164526 0 0.0456459
21 0.0290382 0 4 2 6 0 0 0.00575284 0.00991215 0.000164783 0.0272233
22 0.0298678 0 9 3 0 0 0 0.0539897 0.0698455 2.48189e-05 0.201054
23 0.0298678 0 8 4 0 0 0 0.0205185 0.0261423 2.73447e-06 0.0760719
24 0.0298678 0 8 3 2 0 0 0.0120413 0.0139221 7.46365e-08 0.0400687
25 0.0301444 0 6 5 2 0 0 0.00564669 0.00630215 7.91665e-09 0.0180558
26 0.0304209 0 6 5 2 0 0 0.00352488 0.00385708 1.4259e-09 0.0109458
27 0.0306975 0 6 5 2 0 0 0.00230943 0.00249293 7.95809e-11 0.00699018
28 0.030974 0 5 6 2 0 0 0.00182593 0.00196006 8.1854e-12 0.00545318
29 0.0312506 0 4 7 2 0 0 0.00149485 0.00159863 1.0199e-12 0.00441559
30 0.0315271 0 3 7 4 0 0 0.00139711 0.00135709 1.52757e-13 0.00371923
31 0.0320802 0 3 6 6 0 0 0.00176674 0.00201529 2.6404e-14 0.00320119
32 0.0329099 0 1 7 8 0 0 0.0162276 0.0376652 0.00274184 0.00274184
33 0.0340161 0 2 8 6 0 0 0.0296827 0.0495985 0.0272924 0.138168
34 0.0348458 0 2 6 10 0 0 0.0355611 0.0368015 0.00778227 0.0495913
35 0.0362286 0 2 6 10 0 0 0.0326893 0.0382633 0.00366723 0.0262481
36 0.0376113 0 1 7 10 0 0 0.0325381 0.0404694 0.0166186 0.0166186
37 0.0389941 0 0 7 12 0 0 0.0365564 0.0448107 inf -100
38 0.0406534 0 0 6 14 0 0 0.0251603 0.0395796 inf -100
39 0.0425893 0 2 5 14 0 0 0.00972749 0.00964792 0.0157917 0.0157917
40 0.0445252 0 4 5 12 0 0 0.00958009 0.0118543 0.00176678 0.0350372
41 0.0461845 0 6 3 14 0 0 0.0687404 0.130264 0.000238125 0.421642
42 0.0481204 0 6 2 16 0 0 0.0881517 0.113958 4.02535e-05 0.344615
43 0.0503328 0 8 4 12 0 0 0.105415 0.114147 8.31763e-06 0.329457
44 0.0519921 0 6 6 12 0 0 0.079761 0.0962888 0.00419128 0.299426
45 0.0536514 0 5 6 14 0 0 0.0938491 0.0963419 0.0131003 0.305807
46 0.0555873 0 7 5 14 0 0 0.169121 0.239455 0.00918198 0.906507
47 0.0575232 0 9 5 12 0 0 0.169403 0.202896 0.0104005 0.738291
48 0.0591825 0 11 5 10 0 0 0.147231 0.175618 0.00902902 0.673521
49 0.0605653 0 11 5 10 0 0 0.0782758 0.0838681 0.00684742 0.291928
50 0.0619481 0 14 6 6 0 0 0.0831849 0.139849 0.00739529 0.64002
51 0.0627777 0 13 9 4 0 0 0.0749368 0.108149 0.000740919 0.410853
52 0.0633308 0 9 11 8 0 0 0.127201 0.36887 0.000161859 0.109828
53 0.064437 0 7 11 12 0 0 0.149438 0.272968 3.20517e-05 0.0888705
54 0.0660964 0 7 12 12 0 0 0.13791 0.204314 0.011718 0.247482
55 0.0677557 0 8 13 10 0 0 0.136682 0.192669 0.0184471 0.573924
56 0.0691385 0 8 13 10 0 0 0.0997925 0.150264 0.016174 0.258033
57 0.0705212 0 7 14 10 0 0 0.0837526 0.134092 0.0141326 0.150153
58 0.071904 0 5 16 10 0 0 0.0763713 0.126975 0.0124371 0.102359
59 0.0732868 0 4 16 12 0 0 0.0782006 0.142631 0.010992 0.0394274
60 0.0749461 0 4 13 18 0 0 0.134003 0.211639 0.00972868 0.0292023
61 0.0774351 0 8 9 22 0 0 0.125973 0.158254 0.00858406 0.294083
62 0.0804772 0 12 7 22 0 0 0.118185 0.152321 0.0057824 0.447636
63 0.0835193 0 13 6 24 0 0 0.0686586 0.0729309 0.00349235 0.212597
64 0.0868379 0 11 7 26 0 0 0.0567943 0.0629277 0.000871601 0.207339
65 0.0904331 0 10 8 26 0 0 0.0671156 0.0794961 0.000200979 0.239847
66 0.0940283 0 10 7 28 0 0 0.0699796 0.100225 6.01527e-05 0.37018
67 0.0979001 0 10 5 32 0 0 0.0520188 0.0755503 3.13006e-05 0.245476
68 0.102325 0 11 5 32 0 0 0.113717 0.164923 2.44988e-05 0.681336
69 0.10675 0 17 5 26 0 0 0.183265 0.274779 2.29757e-05 0.957397
70 0.110345 0 24 6 18 0 0 0.252116 0.410541 0.00151766 1.72585
71 0.112834 0 27 7 14 0 0 0.157432 0.244491 0.00152991 1.2309
72 0.11477 0 29 8 12 0 0 0.131806 0.188169 0.00599566 0.926748
73 0.116429 0 26 11 14 0 0 0.0938915 0.137941 0.00334666 0.785761
74 0.118365 0 23 13 16 0 0 0.112045 0.168455 0.00643874 0.800675
75 0.120577 0 25 13 14 0 0 0.133121 0.168113 0.00315168 0.730373
76 0.122513 0 28 14 10 0 0 0.164192 0.247897 0.000692146 0.831555
77 0.123896 0 27 16 10 0 0 0.197375 0.338197 0.000722162 1.61304
78 0.125279 0 26 17 10 0 0 0.147451 0.249316 0.00158311 0.73379
79 0.126662 0 24 18 12 0 0 0.129751 0.232673 0.00212594 0.599841
80 0.128321 0 22 19 14 0 0 0.21785 0.381414 0.00251746 0.923935
81 0.130257 0 22 19 16 0 0 0.180465 0.338213 0.00277759 1.08354
82 0.132469 0 26 14 22 0 0 0.258879 0.390363 0.00591878 1.17354
83 0.135511 0 27 12 26 0 0 0.401736 0.649367 9.27873e-05 3.7743
84 0.139107 0 27 12 26 0 0 0.334714 0.446369 0.00246631 2.39637
85 0.142702 0 23 15 28 0 0 0.373544 0.641597 0.00345755 3.61798
86 0.146574 0 24 13 32 0 0 0.353197 0.439406 0.00610287 2.50011
87 0.150998 0 19 17 34 0 0 0.489619 0.706904 0.029914 3.11039
88 0.1557 0 19 17 36 0 0 0.561928 0.846562 0.0345738 3.67401
89 0.160678 0 19 17 38 0 0 0.774598 1.21427 0.0378945 5.25163
90 0.165932 0 22 16 38 0 0 0.797689 1.07485 0.0404283 3.99621
91 0.171187 0 29 19 28 0 0 0.713107 0.835975 0.0118008 3.05805
92 0.175059 0 32 21 24 0 0 0.645058 0.664173 0.0195291 2.46959
93 0.178377 0 31 22 24 0 0 0.540892 0.555444 0.0119712 2.09521
94 0.181696 0 28 23 30 0 0 0.652177 0.727524 0.0173366 3.0362
95 0.185844 0 29 27 26 0 0 0.532154 0.605396 0.0179015 1.99676
96 0.189439 0 29 24 34 0 0 0.527315 0.558985 0.00897062 1.82068
97 0.194141 0 32 23 34 0 0 0.460335 0.430202 0.0416947 1.51472
98 0.198842 0 34 23 34 0 0 0.433702 0.391663 0.0209946 1.52008
99 0.203544 0 34 26 32 0 0 0.409573 0.422841 0.00887403 1.95004
100 0.207968 0 30 27 38 0 0 0.395733 0.437368 0.00688841 1.79937
101 0.213223 0 30 26 42 0 0 0.336941 0.366066 0.00994315 1.69334
102 0.219031 0 29 26 44 0 0 0.374798 0.401034 0.0277476 1.69562
103 0.225115 0 37 21 46 0 0 0.489938 0.548715 0.0537796 1.91952
104 0.231476 0 36 19 54 0 0 0.624787 0.623327 0.0106952 1.95621
105 0.238943 0 41 22 48 0 0 0.955398 1.07245 0.0133317 5.44824
106 0.24558 0 43 23 46 0 0 0.900959 1.09172 0.014688 4.26869
107 0.251941 0 42 26 46 0 0 0.847637 1.1431 0.022912 4.04134
108 0.258301 0 41 25 52 0 0 1.01447 1.38212 0.0272474 5.39023
109 0.265492 0 43 25 54 0 0 1.10157 1.5968 0.0159069 6.24085
110 0.272959 0 45 27 52 0 0 0.972174 1.31055 0.00552686 5.62968
111 0.280149 0 46 27 52 0 0 1.02443 1.36831 0.00834602 5.34705
112 0.287339 0 53 30 42 0 0 1.04543 1.38925 0.0128814 6.45629
113 0.293147 0 61 29 38 0 0 1.19928 1.86629 0.0122801 8.42309
114 0.298402 0 63 26 44 0 0 1.08743 1.76425 0.0085804 9.86469
115 0.304486 0 60 29 46 0 0 0.943665 1.59793 0.00600401 9.44142
116 0.310847 0 62 26 52 0 0 0.999887 1.44682 0.00514576 7.15853
117 0.318037 0 65 28 50 0 0 0.939952 1.34123 0.0505688 6.10804
118 0.324951 0 68 29 50 0 0 1.38344 2.16464 0.0230975 10.5217
119 0.331865 0 68 29 54 0 0 1.40808 2.17419 0.00804976 11.3319
120 0.339332 0 66 32 54 0 0 1.42041 2.18308 0.0121198 10.604
121 0.346799 0 62 33 60 0 0 1.37199 2.00147 0.023186 9.27577
122 0.355095 0 67 32 58 0 0 1.4358 1.88326 0.0166194 8.67266
123 0.363115 0 75 32 52 0 0 1.59232 1.98776 0.00454802 9.28315
124 0.370306 0 77 29 58 0 0 1.58159 1.75349 0.0129527 8.05707
125 0.378326 0 84 30 52 0 0 1.31726 1.49822 0.0123002 7.06307
126 0.385516 0 85 30 56 0 0 1.22812 1.27154 0.0394445 6.03762
127 0.39326 0 87 31 58 0 0 1.21651 1.22036 0.0525326 5.27668
128 0.40128 0 92 30 58 0 0 1.0692 1.02644 0.00904731 4.44799
129 0.4093 0 88 32 64 0 0 1.10758 1.08945 0.00386424 4.93065
130 0.41566 0.00248898 89 32 66 1 0 1.10495 0.975574 0.014985 4.62206
131 0.424787 0.00248898 88 36 64 1 0 1.01195 0.968 0.0130723 4.46177
132 0.433636 0.00248898 82 44 64 1 0 1.05961 1.06124 0.0102568 4.62577
133 0.442486 0.00248898 89 45 58 1 0 1.08928 1.09375 0.00923359 5.05183
134 0.450506 0.00248898 90 45 60 1 0 1.2099 1.38723 0.0108861 6.03435
135 0.458803 0.00248898 95 45 60 1 0 1.25802 1.38971 0.0151066 6.37655
136 0.467099 0.00248898 100 44 62 1 0 1.20569 1.19621 0.0124249 6.01569
137 0.475673 0.00248898 102 47 60 1 0 1.24778 1.21475 0.000341806 6.42384
138 0.483969 0.00248898 109 42 64 1 0 1.36314 1.3703 0.0152954 6.81195
139 0.49033 0.00497797 114 40 64 2 0 1.36323 1.43201 0.00630892 8.14478
140 0.49918 0.00248898 112 39 72 1 0 1.38663 1.55283 0.00410532 7.39997
141 0.509136 0.00248898 111 34 88 1 0 1.59382 1.5759 0.00943656 6.69937
142 0.521304 0.00248898 105 41 90 1 0 1.62226 1.58673 0.00393266 6.18735
143 0.533749 0.00248898 103 46 90 1 0 1.95345 1.78576 0.0186018 6.42832
144 0.546194 0.00248898 108 46 90 1 0 2.26754 2.12037 0.0389079 8.21204
145 0.558639 0.00248898 113 48 88 1 0 2.35471 2.33779 0.0356466 10.8539
146 0.568318 0.00497797 115 45 94 2 0 2.40739 2.88573 0.0393361 17.7197
147 0.581316 0.00497797 119 52 84 2 0 2.52085 2.92622 0.0469703 16.9692
148 0.590442 0.00746695 122 54 80 3 0 2.75303 2.95584 0.0380715 14.8411
149 0.601505 0.00497797 130 52 78 2 0 3.2101 3.19558 0.0800655 15.4315
150 0.61229 0.00497797 142 55 68 2 0 3.47491 3.12673 0.0335318 14.5469
151 0.621693 0.00497797 147 46 82 2 0 3.30288 2.96347 0.00931773 14.1734
152 0.633032 0.00497797 149 42 92 2 0 3.48909 3.20082 0.0371631 13.2942
153 0.645753 0.00497797 156 40 92 2 0 3.75731 3.28647 0.0163212 13.4242
154 0.658475 0.00497797 164 35 96 2 0 3.94283 3.36304 0.0322177 13.4103
155 0.671749 0.00497797 173 35 90 2 0 4.07009 3.28616 0.0260561 14.0133
156 0.684194 0.00248898 172 30 104 1 0 4.33619 3.50079 0.0268056 15.8216
157 0.698575 0.00248898 174 28 108 1 0 5.04498 3.86196 0.0201762 19.9684
158 0.713509 0 178 30 104 0 0 5.47261 3.98852 0.0110736 20.4817
159 0.72789 0 188 22 110 0 0 5.73673 4.00718 0.0218558 18.3524
160 0.7431 0 205 24 92 0 0 6.47339 4.35744 0.130009 22.4663
161 0.755822 0 219 22 84 0 0 6.9984 4.52609 0.0811135 21.3545
162 0.767437 0 228 20 80 0 0 6.85602 4.35805 0.372217 24.2221
163 0.778499 0 239 21 70 0 0 7.12964 4.7555 0.306526 25.3369
164 0.788178 0 240 23 70 0 0 7.46845 4.9195 0.2079 23.1933
165 0.797858 0 255 21 60 0 0 7.69231 5.13492 0.11228 24.7743
166 0.806154 0 260 22 56 0 0 8.38358 5.47868 0.22418 28.5781
167 0.813898 0 260 22 60 0 0 9.12369 5.61896 0.185549 29.9612
168 0.822195 0 274 24 44 0 0 9.70644 5.79021 0.16487 30.2043
169 0.828279 0 275 22 48 0 0 10.4952 5.89941 0.217821 30.4261
170 0.834916 0 282 21 44 0 0 10.9127 6.20906 0.459899 31.1232
171 0.841 0 288 20 40 0 0 11.1943 6.5802 0.405291 30.3914
172 0.846531 0 292 17 42 0 0 11.3985 6.51674 0.151423 30.0694
173 0.852339 0 295 15 46 0 0 11.8131 6.73843 0.0971586 33.7723
174 0.8587 0 300 15 42 0 0 11.8428 6.70962 0.170955 35.1176
175 0.864507 0 301 15 44 0 0 11.6787 6.66238 0.105681 36.3157
176 0.870591 0 308 12 44 0 0 11.8162 6.54583 0.410765 34.456
177 0.876676 0 306 12 48 0 0 12.3666 6.40968 0.714598 33.0956
178 0.883313 0 312 11 44 0 0 12.992 6.54417 0.674939 32.0925
179 0.889397 0 314 12 42 0 0 13.3004 6.66791 0.582385 31.3134
180 0.895205 0 316 12 40 0 0 13.3573 6.73696 0.566911 34.4185
181 0.900736 0 321 13 34 0 0 13.6416 6.90694 0.60285 33.195
182 0.905437 0 329 12 30 0 0 13.7366 7.00531 0.30666 34.7536
183 0.907097 0.00248898 326 11 30 1 1 9.52501 4.6959 0.483542 27.9573
184 0.911245 0.00248898 332 8 30 1 1 10.4416 4.97631 0.342329 27.9667
185 0.915393 0.00248898 338 9 24 1 1 10.7499 4.92614 0.681014 28.6618
186 0.918712 0.00248898 341 8 24 1 1 11.1808 4.89473 0.475879 29.1744
187 0.922031 0.00248898 343 8 22 1 1 11.4877 4.99348 0.611167 29.5152
188 0.925073 0.00248898 345 6 24 1 1 11.6963 5.19979 0.484301 30.1712
189 0.928391 0.00248898 342 9 24 1 1 12.0489 5.20507 0.74244 30.9103
190 0.93171 0.00248898 341 9 26 1 1 12.5697 5.2399 2.30902 31.7055
191 0.935305 0.00248898 345 9 24 1 1 13.0978 5.39816 0.610965 32.1347
192 0.938624 0.00248898 347 9 22 1 1 13.5919 5.45375 0.531847 31.8911
193 0.941666 0 352 10 16 0 1 14.0884 5.7391 1.48175 32.965
194 0.943878 0 349 8 18 0 2 13.1697 4.86974 1.10155 29.9318
195 0.946367 0 352 8 16 0 2 13.584 4.87655 1.37558 31.5171
196 0.94858 0 351 9 16 0 2 13.9392 4.97215 1.49126 32.3543
197 0.950792 0 355 9 12 0 2 14.4386 5.15857 1.65878 34.4454
198 0.952451 0 355 6 18 0 2 15.238 5.40392 1.55144 34.4238
199 0.95494 0 356 6 18 0 2 16.2127 5.85906 1.49652 50.7793
200 0.957429 0 359 5 18 0 2 17.172 6.18665 1.38055 49.7787
201 0.959918 0 359 5 18 0 2 17.6566 6.29476 1.66707 48.0445
202 0.962407 0 359 4 20 0 2 18.0606 6.4202 1.92868 45.7007
203 0.965173 0 359 4 16 0 3 18.0026 5.48473 1.22065 36.2786
204 0.967385 0 361 3 16 0 3 18.2912 5.63564 2.03305 40.0932
205 0.969598 0 361 2 18 0 3 18.6779 5.57235 2.24917 43.5418
206 0.972087 0 361 2 18 0 3 19.0169 5.48423 0.827571 44.4712
207 0.974576 0 367 2 12 0 3 19.3355 5.41749 2.12999 40.0766
208 0.976235 0 369 1 12 0 3 19.5475 5.32361 6.12784 40.2071
209 0.977894 0 373 0 10 0 3 19.9675 5.58666 2.30269 42.3983
210 0.979277 0 373 0 10 0 3 20.2084 5.74421 0.650831 42.1973
211 0.98066 0 361 0 8 0 5 19.6917 6.198 5.60556 47.894
212 0.979277 0.00248898 360 0 8 1 5 19.9132 6.18121 5.73516 47.8645
213 0.980383 0.00248898 358 0 6 1 6 20.028 6.15624 5.58721 49.6207
214 0.981213 0.00248898 350 0 4 1 8 19.9324 5.97758 4.2852 47.5275
215 0.981766 0.00248898 349 0 4 1 9 19.5732 5.6113 4.51803 47.3179
216 0.982319 0.00248898 349 0 4 1 9 19.6625 5.62539 4.3634 47.2528
217 0.982872 0.00248898 345 1 2 1 11 19.9862 6.08946 2.3288 42.5093
218 0.983149 0.00248898 347 1 0 1 11 19.9637 6.19138 1.76328 43.8369
219 0.98066 0.00497797 342 2 0 2 13 19.8021 5.92144 2.79792 42.7013
220 0.98066 0.00497797 342 2 0 2 13 19.8038 5.92646 2.77283 42.566
221 0.98066 0.00497797 333 2 0 2 15 20.094 5.66339 2.26675 41.6519
222 0.98066 0.00248898 328 2 0 1 16 19.079 5.91304 5.40332 46.1962
223 0.98066 0.00248898 328 2 0 1 16 19.0493 5.89945 5.3712 46.1026
224 0.98066 0.00248898 325 2 0 1 17 18.6131 6.06267 4.7527 49.7433
225 0.98066 0.00248898 318 2 0 1 18 18.3257 6.29983 4.21994 46.9031
226 0.970704 0.00248898 318 1 2 1 17 18.1581 6.33604 3.56782 46.0466
227 0.970981 0.00248898 318 1 2 1 17 18.1449 6.33069 3.03488 45.2811
228 0.971257 0.00248898 318 0 4 1 17 18.2104 6.31808 2.64719 44.9981
229 0.97181 0 318 0 4 0 17 17.9339 6.26573 3.32378 45.0289
230 0.972363 0 318 0 4 0 17 17.7287 6.28025 2.40088 46.5941
231 0.972916 0 318 0 4 0 17 17.7019 6.25126 4.55346 48.3647
232 0.97347 0 318 0 4 0 17 17.8073 6.25808 4.94665 49.4068
233 0.974023 0 318 0 4 0 17 17.8246 6.2349 4.0625 49.5643
234 0.972087 0.00248898 317 0 4 1 17 17.7857 6.25038 3.62773 49.4082
235 0.97264 0.00248898 319 0 2 1 17 17.9145 6.40226 3.57459 48.981
236 0.972916 0.00248898 319 0 2 1 17 17.9011 6.37621 4.4364 48.3404
237 0.960748 0.00248898 317 0 0 1 17 15.1225 5.64522 3.17485 46.4303
238 0.960748 0.00248898 317 0 0 1 17 15.0491 5.62572 3.14824 45.4936
239 0.960748 0.00248898 317 0 0 1 17 15.0218 5.59959 3.1405 44.5431
240 0.958259 0.00497797 315 1 0 2 17 15.0085 5.57124 3.14296 43.5025
241 0.958259 0.00497797 315 1 0 2 17 14.9852 5.54264 3.15123 42.3489
242 0.958259 0.00497797 312 1 0 2 18 14.4775 5.45594 2.89782 36.5705
243 0.95577 0.00746695 311 1 0 3 18 14.3245 5.14234 2.91839 34.4118
244 0.95577 0.00497797 311 1 0 2 18 14.2657 5.1292 2.85132 34.2077
245 0.95577 0.00497797 310 2 0 2 18 14.2762 5.1351 2.85439 34.3709
246 0.945814 0.00497797 310 2 0 2 17 13.9368 5.02566 2.89484 34.3802
247 0.945814 0.00497797 310 2 0 2 17 13.7887 5.15553 2.90313 34.3388
248 0.945814 0.00497797 309 3 0 2 17 13.5075 5.05706 2.6785 34.1644
249 0.945814 0.00497797 309 2 2 2 17 13.5511 5.09121 0.4706 34.1881
250 0.946091 0.00248898 308 3 2 1 17 13.465 5.06305 2.22138 34.2016
251 0.946367 0.00248898 308 3 2 1 17 13.5326 5.17843 1.42844 34.2584
252 0.946644 0.00248898 308 3 2 1 17 13.6053 5.30086 0.625709 35.8805
253 0.94692 0 308 3 2 0 17 13.1444 5.35899 0.31862 35.7456
254 0.912351 0 308 2 4 0 15 11.8589 4.89544 0.279974 30.494
255 0.912904 0 306 4 4 0 15 11.215 4.7177 0.744696 30.1103
256 0.903501 0 306 4 4 0 14 10.3776 4.55894 1.05607 28.4646
257 0.879165 0 306 3 6 0 12 9.23535 4.35987 0.753219 27.4853
258 0.877505 0 304 7 4 0 11 8.6649 4.14321 0.809361 26.1595
259 0.878058 0 303 7 6 0 11 8.39882 4.14301 0.572412 24.9738
260 0.866443 0 300 10 6 0 9 7.94539 4.14279 0.358395 23.865
261 0.867273 0 299 11 6 0 9 7.58369 4.15397 0.240661 23.5987
262 0.860636 0 298 12 6 0 7 7.03891 3.91552 0.213632 23.4242
263 0.861465 0 297 15 4 0 7 6.64789 3.8408 0.164553 23.225
264 0.837128 0.00248898 293 16 8 1 5 5.96792 3.60294 0.106245 22.7945
265 0.82579 0.00248898 287 22 8 1 4 5.29953 3.37334 0.188416 22.1364
266 0.826896 0.00248898 282 29 6 1 4 5.06318 3.2854 0.139469 21.5869
267 0.820259 0.00248898 277 30 14 1 3 4.96153 3.25315 0.125883 21.6089
268 0.804772 0.00248898 275 33 14 1 2 4.60039 3.25514 0.122979 21.2986
269 0.806708 0.00248898 273 32 20 1 2 4.42621 3.10969 0.298651 19.697
270 0.809473 0.00248898 270 34 22 1 2 4.24027 3.01903 0.140695 17.603
271 0.812515 0.00248898 263 40 24 1 2 4.21871 2.91472 0.147873 15.9174
272 0.815834 0.00248898 262 38 30 1 2 4.27907 2.84966 0.123211 14.8676
273 0.819982 0.00248898 261 40 32 1 2 4.39521 3.02152 0.11417 16.8233
274 0.824407 0 257 38 44 0 2 4.61205 2.92298 0.160519 17.5252
275 0.830491 0 253 35 58 0 2 4.9124 3.0228 0.207629 18.0457
276 0.838511 0 259 32 60 0 2 5.45161 3.25929 0.185824 18.4071
277 0.846808 0 259 30 66 0 2 6.15139 3.62704 0.417345 27.0694
278 0.855934 0 264 29 64 0 2 6.92133 3.75414 0.0946051 23.4854
279 0.864784 0 265 27 68 0 2 7.4701 3.78732 0.0944842 21.2552
280 0.864231 0 263 24 80 0 1 7.51121 3.73113 0.248022 23.3662
281 0.875293 0 265 27 76 0 1 7.96372 3.85417 0.239195 24.5134
282 0.885802 0 266 27 80 0 1 8.92037 4.27224 0.29135 23.7479
283 0.896864 0 278 23 76 0 1 9.83306 4.50842 0.125681 23.7747
284 0.907373 0 289 22 70 0 1 10.6154 4.59207 0.100955 25.0722
285 0.909586 0 297 22 64 0 0 11.3724 4.85953 0.331924 25.6265
286 0.918435 0 302 23 60 0 0 12.7693 5.42038 0.501826 27.8177
287 0.924243 0.00248898 304 23 58 1 0 13.5958 5.64974 1.1973 29.7608
288 0.932263 0.00248898 310 22 54 1 0 14.9779 5.89196 1.16913 34.3745
289 0.93973 0.00248898 323 19 48 1 0 16.8708 6.6005 0.166186 39.3852
290 0.946367 0.00248898 325 15 54 1 0 18.1395 7.06528 0.344897 42.78
291 0.953834 0.00248898 324 10 54 1 2 16.24 6.14341 0.16539 34.5294
292 0.961301 0.00248898 331 11 46 1 2 17.6896 6.5074 0.442871 37.9427
293 0.965173 0.00497797 335 8 44 2 3 19.353 6.8122 0.259591 40.1202
294 0.971257 0.00497797 334 5 44 2 4 19.9287 6.73018 0.144819 40.4558
295 0.977341 0.00497797 338 2 46 2 4 21.4842 7.05445 0.677121 42.2206
296 0.983702 0.00497797 335 3 44 2 5 22.2571 7.54388 1.78999 42.9118
297 0.987297 0.00248898 329 3 42 1 7 21.3331 6.81169 0.792681 45.0211
298 0.993105 0.00248898 324 1 36 1 10 22.3031 6.87037 0.108808 48.4563
299 0.995025 0.00497512 324 1 28 2 11 22.9134 6.83726 2.49649 53.4944
300 0.995044 0.00495595 327 1 18 2 13 23.5689 7.24987 7.54335 55.0523
301 0.995056 0.0049437 310 1 18 2 16 23.604 7.00538 5.10886 48.4858
302 0.992603 0.00739726 311 1 12 3 18 24.2714 7.51182 6.60444 49.4259
303 0.995064 0.00493556 315 1 8 2 18 24.6607 7.61859 6.46971 51.5763
304 0.99507 0.00493016 303 0 2 2 23 22.816 6.58849 6.51839 47.7471
305 0.995071 0.00492881 295 0 2 2 25 23.2506 7.05315 5.09878 48.4943
306 0.995073 0.00492746 292 0 2 2 26 23.6918 7.7464 2.58596 48.0394
307 0.995074 0.00492611 289 0 0 2 27 23.1098 7.58661 5.04883 46.7517
308 0.995074 0.00492611 281 0 0 2 30 22.7801 7.36819 6.35487 46.2324
309 0.997531 0.00246914 258 0 0 1 35 21.2332 7.81136 4.86454 46.2666
310 0.997531 0.00246914 252 0 0 1 36 20.952 7.90402 4.56917 45.8361
311 0.997531 0.00246914 248 0 0 1 37 20.9475 7.64378 2.01437 46.0718
312 1 0 248 0 0 0 37 20.7865 7.67696 1.96523 46.1731
313 1 0 248 0 0 0 37 20.7172 7.66086 1.91592 46.256
314 1 0 245 0 0 0 38 20.0625 7.29496 2.81208 47.8018
315 1 0 238 0 0 0 39 19.9298 7.47661 4.35342 40.7511
316 1 0 230 0 0 0 42 19.8573 7.43128 4.71214 41.0682
317 1 0 230 0 0 0 42 19.7728 7.33101 4.94547 41.1331
318 1 0 223 0 0 0 43 18.6307 7.28693 2.27773 40.7616
319 1 0 223 0 0 0 43 18.5902 7.20985 2.16803 41.1872
320 1 0 215 1 0 0 45 18.819 7.33157 2.3276 44.3072
321 1 0 215 1 0 0 45 18.8238 7.33626 2.29243 44.5049
322 1 0 213 1 0 0 46 18.1865 6.75941 3.06751 38.5086
323 1 0 213 1 0 0 46 18.1863 6.75774 3.08172 38.5103
324 1 0 213 1 0 0 46 18.1986 6.76006 3.10657 38.7054
325 1 0 212 1 0 0 47 18.1547 6.65313 3.26052 38.6479
326 1 0 211 2 0 0 47 18.1216 6.61115 3.25485 38.4854
327 1 0 211 2 0 0 47 18.1504 6.66326 3.25092 38.4794
328 1 0 206 2 0 0 48 18.2343 6.98098 5.08797 42.9922
329 1 0 206 1 2 0 48 18.4564 6.98512 5.13815 43.1652
330 1 0 206 1 2 0 48 18.5188 6.95723 5.20514 43.107
331 1 0 206 1 2 0 48 18.4591 6.75399 5.22242 38.9489
332 0.997527 0.00247321 204 1 2 1 49 18.7672 6.77929 4.14413 38.0774
333 0.997527 0.00247253 204 1 2 1 49 18.8888 6.76705 3.36957 38.3574
334 0.977065 0.00248898 204 1 2 1 47 18.0111 6.67819 2.48205 38.4077
335 0.977341 0.00248898 204 0 4 1 47 17.902 6.76667 2.0437 38.0217
336 0.970427 0.00248898 199 0 4 1 47 13.961 5.69998 0.634459 32.0658
337 0.956047 0.00248898 198 1 4 1 46 13.6522 5.78673 0.765445 32.0679
338 0.9566 0.00248898 200 1 2 1 46 13.4075 5.77014 0.613742 31.7496
339 0.94692 0.00248898 200 1 2 1 45 12.7112 5.47075 0.496389 30.7769
340 0.929774 0.00248898 200 1 2 1 43 11.7606 5.30335 0.27858 30.4357
341 0.895205 0.00248898 199 2 2 1 40 10.5039 5.04415 0.365865 28.9198
342 0.878058 0 198 3 2 0 39 9.19632 4.72444 1.1286 27.932
343 0.860912 0 196 5 2 0 37 8.03932 4.41742 0.186123 20.6294
344 0.818876 0 196 7 0 0 34 6.37259 3.84747 0.0666413 20.5054
345 0.80892 0 194 9 0 0 32 5.32097 3.38673 0.0338728 18.9791
346 0.80892 0 191 11 2 0 32 4.67543 3.06147 0.020497 17.0745
347 0.759417 0.00248898 188 13 2 1 27 3.67463 2.72053 0.013704 14.5786
348 0.739782 0.00248898 182 19 2 1 25 3.05308 2.38308 0.00982538 12.4961
349 0.732591 0.00248898 171 30 2 1 24 2.52066 1.95532 0.00737979 10.1217
350 0.720423 0.00248898 162 38 4 1 23 2.18929 1.64867 0.00645663 8.55192
351 0.701064 0.00248898 159 40 6 1 20 1.86899 1.41747 0.00584321 6.32763
352 0.644647 0.00248898 150 47 10 1 15 1.52442 1.30554 0.00463866 7.82728
353 0.631096 0.00248898 141 54 14 1 14 1.26286 1.08223 0.0069447 4.57835
354 0.623076 0.00248898 133 60 18 1 13 1.07164 0.988472 0.00538056 5.34606
355 0.625565 0.00248898 126 66 22 1 13 1.23223 1.09967 0.00423627 4.68927
356 0.628607 0.00248898 118 72 26 1 13 1.22326 1.09543 0.00339095 4.54887
357 0.624735 0 109 75 38 0 12 1.30112 1.34666 0.00275654 5.92555
358 0.612567 0 101 72 60 0 11 1.37034 1.26042 0.00436364 6.21204
359 0.600952 0 96 70 76 0 8 1.70898 1.65795 0.00545959 9.68336
360 0.611461 0 94 71 80 0 8 1.86494 1.79674 0.0171575 9.4605
361 0.6051 0 92 68 94 0 7 2.15621 1.9092 0.0111819 8.90232
362 0.618098 0 91 64 108 0 7 2.37298 2.0831 0.0260162 8.32478
363 0.615609 0 93 58 120 0 5 2.35732 2.12816 0.0419919 8.45239
364 0.632202 0 97 51 132 0 5 2.83401 2.09856 0.072447 8.19166
365 0.645477 0 99 45 144 0 4 3.40269 2.6575 0.0411726 12.1226
366 0.665389 0 109 38 150 0 4 3.94861 3.09669 0.031538 12.9339
367 0.68613 0 128 33 144 0 4 4.63704 3.74395 0.0100173 17.25
368 0.703553 0 143 29 140 0 3 5.34367 4.05142 0.0476826 20.2095
369 0.722912 0 145 29 142 0 3 5.73718 4.20779 0.100043 22.1827
370 0.742547 0 162 24 136 0 3 6.50735 4.74226 0.330161 24.1596
371 0.748908 0 178 21 128 0 2 6.95634 5.19874 0.301715 24.9654
372 0.766607 0 191 22 116 0 2 8.05653 6.10248 0.322248 27.3807
373 0.782647 0 208 21 102 0 2 8.2544 6.14059 0.20022 28.0792
374 0.796752 0 222 21 90 0 2 8.08344 6.09394 0.157298 26.9376
375 0.806708 0 240 19 76 0 1 7.88336 5.60939 0.0768174 23.9626
376 0.817217 0 255 17 66 0 1 8.16501 5.4842 0.111003 23.7514
377 0.826343 0 267 16 58 0 1 8.18127 5.39964 0.0813859 22.8996
378 0.834363 0 270 17 58 0 1 7.94479 5.49568 0.0447529 23.9641
379 0.829938 0 276 22 48 0 0 7.33063 5.01717 0.0421217 24.3599
380 0.836575 0 283 23 42 0 0 7.00213 4.78466 0.0259665 24.1911
381 0.842383 0 285 22 44 0 0 6.68044 4.72064 0.0305033 22.425
382 0.848467 0 280 30 42 0 0 6.45904 4.57943 0.0645603 20.1524
383 0.854275 0 279 33 42 0 0 6.51757 4.58483 0.104879 22.4254
384 0.860082 0 276 40 38 0 0 6.45733 4.36432 0.147267 21.6093
385 0.865337 0 280 41 34 0 0 6.78963 4.28031 0.270491 21.3657
386 0.870038 0 281 44 32 0 0 7.00114 4.15562 0.230491 20.9904
387 0.874463 0 284 44 34 0 0 7.58331 4.13701 0.333018 23.2104
388 0.879165 0 283 41 44 0 0 7.95438 4.02237 0.154966 21.8784
389 0.885249 0 284 41 46 0 0 8.01207 3.99366 0.625697 23.2207
390 0.89161 0 290 39 44 0 0 8.29932 4.16455 0.313935 24.2609
391 0.897694 0 292 30 60 0 0 9.15002 4.60867 0.540769 27.174
392 0.90599 0 296 25 66 0 0 10.3379 5.01093 0.363068 29.605
393 0.915117 0 296 18 80 0 0 11.2887 5.2433 0.768303 29.9518
394 0.926179 0 296 18 82 0 0 12.7309 5.73833 0.405458 32.5672
395 0.937518 0 300 13 88 0 0 14.9415 6.53666 0.0292336 35.1424
396 0.949686 0 309 9 88 0 0 16.8658 7.07293 1.27615 44.2913
397 0.961854 0 318 7 82 0 1 18.2051 5.93849 2.37707 41.2345
398 0.973193 0 324 4 82 0 1 20.8721 6.73622 3.5183 45.8808
399 0.984532 0 321 3 78 0 3 22.6286 7.27245 0.468063 47.891
400 0.995317 0 334 3 60 0 4 24.4158 7.02697 2.7635 45.4566
401 1 0 337 3 50 0 5 25.4967 7.32809 8.05156 56.0784
402 1 0 345 3 36 0 7 27.1665 8.27866 8.40097 58.8213
403 0.997549 0.00245098 321 2 34 1 13 27.4363 8.51191 5.33715 58.4175
404 0.99756 0.00243969 321 2 24 1 16 27.7017 9.51732 3.54311 75.0149
405 0.997568 0.00243178 301 1 16 1 22 26.1739 8.86326 4.65502 57.4007
406 0.995147 0.00485306 286 0 12 2 26 26.043 8.81991 7.47944 59.5173
407 0.995155 0.00484522 265 0 6 2 33 25.7622 9.02358 6.21934 60.6449
408 0.995159 0.00484131 246 0 6 2 37 23.8614 8.83203 4.11625 53.1423
409 0.995163 0.00483741 243 0 6 2 38 24.7102 9.13424 4.72658 55.1163
410 0.99275 0.00725027 238 0 6 3 40 24.339 8.63387 3.51297 53.1266
411 0.992685 0.00731509 228 0 6 3 42 22.2552 8.67527 1.07938 49.4363
412 0.992691 0.00730915 224 0 4 3 44 22.2504 8.58204 0.129527 49.5302
413 0.995118 0.00488202 214 0 4 2 46 20.7823 8.1695 2.86112 56.8091
414 0.995121 0.00487937 210 0 2 2 48 20.1571 7.58127 2.15759 40.6636
415 0.995122 0.00487805 203 0 0 2 49 21.4629 9.1385 4.62359 57.8742
416 0.997555 0.00244499 198 0 0 1 50 20.8582 8.57303 4.09251 52.7731
417 0.997555 0.00244499 196 0 0 1 51 20.1893 8.08776 3.56322 42.2472
418 0.997555 0.00244499 190 1 0 1 52 20.2587 7.89718 4.20903 43.04
419 0.997555 0.00244499 190 1 0 1 52 20.2927 7.88568 4.17108 43.1224
420 1 0 190 1 0 0 52 19.6141 7.70793 1.20695 40.4596
421 1 0 190 1 0 0 52 19.4847 7.83177 2.38578 40.5294
422 1 0 190 1 0 0 52 19.3176 7.89121 2.57217 40.6494
423 1 0 190 1 0 0 52 19.2653 7.88492 1.57354 40.6845
424 1 0 190 1 0 0 52 19.255 7.85429 1.38629 40.5185
425 1 0 190 1 0 0 52 19.2192 7.84893 1.1301 40.158
426 1 0 190 1 0 0 52 19.1466 7.88446 1.02622 39.731
427 1 0 189 0 2 0 53 18.3923 7.58679 2.84001 38.8674
428 1 0 189 0 2 0 53 18.4439 7.62226 2.82164 38.9374
429 1 0 189 0 2 0 53 18.4514 7.63826 2.69876 39.0113
430 1 0 189 0 2 0 53 18.4487 7.66579 2.67818 39.0969
431 1 0 189 0 2 0 53 18.4735 7.66988 2.7146 39.1932
432 0.997552 0.00244765 186 0 2 1 54 18.8253 7.87889 0.580092 42.4207
433 0.997553 0.00244698 177 1 2 1 56 18.786 7.36199 2.81004 44.6728
434 0.997554 0.00244632 177 1 2 1 56 18.7599 7.36741 2.97591 44.8052
435 0.997554 0.00244565 175 1 2 1 57 18.2521 7.51645 3.21914 44.3223
436 0.997555 0.00244499 177 1 0 1 57 18.2975 7.57693 3.82352 45.0814
437 0.997555 0.00244499 177 1 0 1 57 18.2848 7.56247 3.7336 44.9217
438 0.997555 0.00244499 177 1 0 1 57 18.2815 7.55459 3.63494 44.8373
439 0.997555 0.00244499 177 1 0 1 57 18.2611 7.57404 3.51751 44.7976
440 0.997543 0.002457 177 1 0 1 56 17.9244 7.36266 3.25313 44.7054
441 0.997543 0.002457 177 1 0 1 56 17.8468 7.2691 3.03058 44.5706
442 0.990616 0 177 0 2 0 54 17.3323 6.97825 2.91148 43.5348
443 0.978447 0 177 0 2 0 53 16.7329 7.42171 1.20825 41.3361
444 0.961301 0 177 0 2 0 52 15.4151 6.74247 1.17733 33.024
445 0.946644 0 175 2 2 0 50 13.9313 6.23807 1.70856 28.4809
446 0.879718 0 174 3 2 0 44 10.2795 5.31337 0.58096 24.8524
447 0.855104 0 172 5 2 0 41 7.92524 4.46768 0.381553 20.679
448 0.780712 0 171 6 2 0 35 5.09946 3.31409 0.149957 16.6377
449 0.731208 0 167 10 2 0 31 3.47718 2.46424 0.0332427 12.535
450 0.664282 0 160 17 2 0 24 2.32085 1.92161 0.0243307 8.82923
451 0.617268 0 157 22 0 0 20 1.61843 1.6022 0.0245467 9.56113
452 0.607312 0.00248898 144 34 0 1 19 1.27578 1.27114 0.0158926 5.89746
453 0.597356 0.00248898 136 42 0 1 17 1.04848 1.09869 0.0110375 5.14995
454 0.582422 0.00248898 125 51 4 1 15 0.863278 0.874674 0.00808348 4.22621
455 0.568042 0.00248898 117 58 6 1 13 0.74487 0.799957 0.00625449 3.88684
456 0.543981 0.00248898 109 64 10 1 11 0.5958 0.599943 0.00489704 3.03244
457 0.53043 0.00248898 103 69 12 1 9 0.614264 0.695455 0.00393946 3.4746
458 0.509689 0.00248898 98 70 20 1 8 0.58983 0.61914 0.00325911 3.58443
459 0.500009 0.00248898 90 71 34 1 7 0.559399 0.62082 0.000844346 3.68719
460 0.499733 0.00248898 81 75 44 1 6 0.566778 0.584772 0.00456223 3.45794
461 0.493372 0.00248898 76 68 68 1 5 0.721198 0.978012 0.00365459 6.20584
462 0.502775 0 71 65 84 0 5 0.795497 1.16207 0.00301488 7.03415
463 0.51439 0 68 61 102 0 5 1.00248 1.18417 0.00255179 6.94943
464 0.528494 0 68 55 116 0 5 0.937674 1.07225 0.00218764 5.86389
465 0.544535 0 70 49 128 0 5 1.0201 1.18136 0.0018959 6.01068
466 0.562234 0 67 48 138 0 5 1.24751 1.40234 0.00166454 7.87094
467 0.581316 0 72 46 140 0 5 1.50657 1.66968 0.00147357 9.02791
468 0.600675 0 81 43 142 0 5 1.7951 1.97004 0.00131391 8.96889
469 0.62031 0 86 39 150 0 5 1.99245 2.28762 0.00117973 9.64131
470 0.638563 0 110 34 136 0 4 1.97457 2.34181 0.0010642 10.6976
471 0.657368 0 123 32 130 0 4 2.44962 2.70774 0.000966857 13.1451
472 0.675344 0 137 33 122 0 4 3.0814 2.91269 0.0375778 12.6993
473 0.692214 0 150 34 110 0 4 3.08037 2.88834 0.0312239 15.1788
474 0.707425 0 161 37 98 0 4 3.24619 2.69379 0.0211073 12.162
475 0.715998 0 167 38 96 0 3 3.26724 2.67262 0.0216326 11.8312
476 0.709361 0 171 41 92 0 1 3.07673 2.67866 0.0199213 10.7016
477 0.722082 0 183 40 86 0 1 3.08079 2.59396 0.015666 10.6591
478 0.728996 0 193 43 78 0 0 2.87236 2.41788 0.011927 13.0189
479 0.739782 0 193 53 68 0 0 2.68809 2.25048 0.00873063 12.4656
480 0.749184 0 199 54 64 0 0 2.89225 2.38697 0.00614208 15.6427
481 0.755545 0.00248898 208 50 66 1 0 3.28097 2.56969 0.0604107 18.4081
482 0.764671 0.00248898 210 49 68 1 0 3.42314 2.74455 0.23523 21.2093
483 0.774074 0.00248898 202 56 74 1 0 3.88119 2.88139 0.245473 16.122
484 0.784307 0.00248898 207 55 76 1 0 4.2869 3.2114 0.3344 17.1676
485 0.794816 0.00248898 208 54 82 1 0 4.38241 3.19311 0.320436 15.7144
486 0.806154 0.00248898 215 53 80 1 0 4.72276 3.27303 0.262492 14.1966
487 0.817217 0.00248898 221 49 86 1 0 5.18138 3.42022 0.138004 17.915
488 0.829108 0.00248898 216 44 106 1 0 6.09274 3.67653 0.10124 16.5013
489 0.843766 0.00248898 222 40 108 1 0 6.83134 3.97056 0.426275 17.9493
490 0.8587 0.00248898 237 37 100 1 0 8.11539 4.77985 0.290231 26.0211
491 0.872527 0 242 36 98 0 0 8.98695 5.33035 0.166599 29.3721
492 0.886079 0 252 24 112 0 0 11.4461 6.1079 0.38757 30.5773
493 0.901566 0 261 22 110 0 0 13.7168 6.88561 0.347873 37.1336
494 0.916776 0 272 18 108 0 0 16.0774 7.33235 0.35816 41.0477
495 0.929221 0 270 17 106 0 1 12.0899 4.90992 0.0767948 25.6116
496 0.943878 0 285 14 98 0 1 14.918 5.7593 0.0337555 33.0324
497 0.957429 0 305 9 88 0 1 17.9976 6.68981 0.0480194 43.2641
498 0.969598 0 313 9 80 0 1 20.4541 7.56571 0.0552191 44.0448
499 0.98066 0 321 8 74 0 1 22.0041 8.09234 0.486411 45.1075
500 0.988403 0.00248898 314 6 72 1 3 22.5675 8.05582 2.56585 48.3688
501 0.997513 0.00248687 322 5 48 1 6 24.0042 7.54327 2.27473 50.3705
502 0.99753 0.00247049 317 4 40 1 10 24.9682 7.70882 1.64567 50.3324
503 0.997543 0.002457 297 4 32 1 18 25.626 8.97377 3.57302 59.2226
504 0.997542 0.00245834 290 2 30 1 21 22.702 8.08092 3.32557 49.566
505 0.997552 0.00244831 288 1 24 1 24 23.3512 7.53887 1.33303 48.1156
506 0.99756 0.00244035 282 1 14 1 28 24.3162 7.38134 1.79895 42.0922
507 0.995129 0.00487145 280 2 14 2 28 24.9613 7.78481 1.90174 60.3983
508 0.995138 0.00486224 272 2 12 2 31 24.4124 7.15781 2.84618 46.2258
509 0.995146 0.00485437 265 2 10 2 33 23.8876 6.70737 6.37857 47.4293
510 0.99757 0.00242981 263 2 10 1 34 22.2115 7.69065 4.6975 43.8956
511 0.997573 0.00242653 259 2 8 1 35 21.477 6.51677 4.45411 44.9814
512 0.997576 0.00242392 261 1 8 1 35 21.6375 6.61755 4.61488 46.0892
513 0.997579 0.00242131 265 1 4 1 35 21.8186 6.59317 4.24372 45.4657
514 0.99758 0.00242001 267 1 2 1 35 22.0691 6.60199 4.01915 44.6124
515 0.995161 0.00483871 258 1 2 2 37 23.0116 7.43117 2.59276 47.3857
516 0.995163 0.00483741 258 0 4 2 37 22.9871 7.57153 1.28574 48.3223
517 0.997577 0.00242326 255 0 4 1 39 22.5234 7.48399 1.2729 46.4599
518 0.997578 0.00242196 249 1 4 1 40 22.6588 7.67304 4.62699 47.3634
519 0.997579 0.00242066 249 1 4 1 40 22.7962 7.72516 4.60656 47.9993
520 0.997581 0.00241935 241 1 4 1 42 22.8826 7.55183 4.09669 44.264
521 0.995164 0.00483611 235 1 2 2 43 21.9271 7.73109 5.4146 44.345
522 0.995165 0.00483481 235 1 2 2 43 21.9823 7.79399 4.89671 47.2647
523 0.995166 0.00483351 226 1 2 2 46 23.3951 8.23839 4.16265 54.7807
524 0.995168 0.00483221 226 1 2 2 46 23.4479 8.2549 4.1687 54.7937
525 0.997579 0.00242131 224 1 0 1 47 22.9156 8.28045 5.05859 50.438
526 0.997579 0.00242131 219 1 0 1 48 22.9021 8.49739 1.97231 50.5708
527 0.997579 0.00242131 206 0 2 1 51 23.0883 9.09464 3.88795 83.727
528 0.997579 0.00242066 202 0 2 1 53 22.5598 7.5503 2.39499 41.6079
529 0.99758 0.00242001 202 0 2 1 53 22.6146 7.6365 2.16002 42.7752
530 0.997581 0.00241935 198 0 2 1 54 22.4556 7.98081 4.23094 44.7352
531 1 0 192 0 2 0 56 21.8451 7.39098 4.04053 41.9466
532 1 0 191 0 2 0 57 21.7533 7.25847 4.12822 42.2482
533 1 0 191 0 2 0 57 21.7902 7.2518 4.14128 42.5773
534 1 0 189 0 2 0 58 20.819 7.00672 4.05509 39.3371
535 1 0 189 0 2 0 58 20.8388 7.02485 4.09972 39.5859
536 1 0 191 0 0 0 58 20.8162 7.03468 4.14017 39.5274
537 1 0 191 0 0 0 58 20.7653 7.08369 4.14641 39.5263
538 1 0 188 0 0 0 58 18.1428 7.43812 2.36209 42.9133
539 1 0 188 0 0 0 58 18.1397 7.40061 2.30538 42.8149
540 1 0 188 0 0 0 58 18.1118 7.46879 2.34066 42.7321
541 1 0 188 0 0 0 58 18.1013 7.48723 2.44036 42.7114
542 1 0 188 0 0 0 58 18.0982 7.43161 2.64152 42.776
543 0.983149 0 188 0 0 0 56 17.2887 7.32181 2.73867 42.859
544 0.938347 0.00248898 187 0 0 1 53 15.7165 6.94974 1.39011 42.0089
545 0.901012 0.00248898 187 0 0 1 49 13.8706 6.82338 1.62821 39.7283
546 0.828832 0.00248898 187 0 0 1 41 10.0084 5.83793 0.794138 33.5708
547 0.801453 0.00248898 186 1 0 1 38 7.56755 4.81902 0.210502 27.6993
548 0.776563 0.00248898 183 4 0 1 35 6.0259 3.96312 0.0744549 21.4407
549 0.736739 0.00248898 183 4 0 1 31 4.24806 3.06288 0.0477433 15.9449
550 0.736739 0.00248898 179 8 0 1 31 3.56662 2.71418 0.0282866 13.7185
551 0.71185 0.00248898 174 13 0 1 28 3.07799 2.56804 0.0822962 12.6508
552 0.689449 0.00248898 169 18 0 1 26 2.53851 2.10512 0.013115 9.48579
553 0.684471 0.00248898 165 22 0 1 25 2.18 1.88703 0.00166476 9.19756
554 0.669537 0 153 34 0 0 24 1.71225 1.58232 0.000601868 8.75413
555 0.669537 0 145 42 0 0 24 1.46327 1.43166 0.00155602 8.32314
556 0.669537 0 134 52 2 0 24 1.28862 1.28987 0.00235365 7.741
557 0.669813 0 128 55 8 0 24 1.259 1.37613 0.00337567 9.00597
558 0.651008 0 119 64 8 0 22 1.01813 1.09812 0.00460197 7.80489
559 0.652114 0 112 67 16 0 22 0.9386 0.952478 0.00569127 6.87477
560 0.646859 0 109 65 26 0 20 0.907367 0.86381 0.0182619 5.99288
561 0.63801 0 107 62 36 0 19 0.93211 0.881387 0.0229848 5.21815
562 0.642988 0 101 64 44 0 19 1.14614 1.03131 0.017493 4.76224
563 0.62916 0 92 61 68 0 17 1.58873 1.35365 0.0157254 4.91983
564 0.62114 0 89 56 84 0 16 1.51253 1.38101 0.00598846 6.94633
565 0.632755 0 89 47 104 0 16 1.68979 1.51928 0.0423904 6.27837
566 0.624735 0 91 45 110 0 13 2.11211 1.92806 0.00706179 7.00912
567 0.639946 0 89 38 128 0 13 2.59588 2.27576 0.0478751 9.22957
568 0.647689 0 94 34 134 0 12 3.02007 2.62119 0.0113222 13.2226
569 0.653773 0 100 35 130 0 11 3.16551 2.86716 0.00829804 16.0751
570 0.639392 0 105 38 124 0 8 2.83926 2.71057 0.00634758 14.0673
571 0.646583 0 111 34 128 0 6 3.33872 3.14177 0.00502174 12.9543
572 0.664282 0 133 27 122 0 6 3.88147 4.11239 0.004069 20.4362
573 0.671196 0 142 31 112 0 5 3.7309 3.56451 0.00336753 14.7098
574 0.671749 0 162 31 94 0 3 3.97159 3.6362 0.00283289 15.6973
575 0.682258 0 170 31 90 0 2 3.71527 3.28978 0.00240818 17.9191
576 0.694703 0 176 41 76 0 2 3.45119 3.14827 0.00207495 17.8135
577 0.700234 0 182 46 68 0 1 3.35688 3.10706 0.00461438 20.3697
578 0.709637 0 179 51 70 0 1 3.40252 2.99774 0.00378662 18.864
579 0.719317 0 181 48 76 0 1 3.41826 2.68781 0.00316342 13.7165
580 0.729826 0 181 58 68 0 1 3.57687 2.54082 0.00268667 12.7749
581 0.731761 0 195 60 54 0 0 3.58137 2.57303 0.00230251 12.8339
582 0.739228 0 192 62 62 0 0 3.6627 2.49546 0.00199768 11.2871
583 0.747802 0 191 65 62 0 0 3.66309 2.48612 0.00174891 11.3119
584 0.756375 0 197 63 62 0 0 3.75996 2.5505 0.0215565 10.7911
585 0.764948 0 196 56 82 0 0 4.26264 2.76634 0.0263978 12.3876
586 0.776287 0 199 51 92 0 0 4.5743 2.95057 0.0350652 12.2931
587 0.789008 0 201 48 102 0 0 4.95935 3.35561 0.045051 13.4197
588 0.803112 0 206 51 96 0 0 5.29608 3.42787 0.0403204 15.1439
589 0.813898 0.00248898 207 41 116 1 0 6.46062 3.94196 0.186059 23.1338
590 0.829938 0.00248898 208 40 120 1 0 7.37056 4.11451 0.0773391 21.0743
591 0.846531 0.00248898 218 35 124 1 0 8.82694 4.96628 0.86065 22.141
592 0.863678 0.00248898 222 30 130 1 0 10.2937 5.66593 0.361498 29.3001
593 0.879165 0.00497797 227 30 126 2 0 11.6361 6.4683 0.18369 30.2397
594 0.896588 0.00497797 251 25 112 2 0 13.8692 7.39543 0.213615 37.6889
595 0.912075 0.00497797 267 22 102 2 0 15.7752 7.91685 0.419868 38.8261
596 0.926179 0.00497797 278 16 96 2 1 12.6643 5.22152 1.68601 27.0864
597 0.939453 0.00497797 282 11 102 2 1 14.873 6.17229 2.25536 32.4384
598 0.953558 0.00497797 306 9 82 2 1 17.9876 7.18944 3.43764 38.9083
599 0.964896 0.00248898 310 6 80 1 2 19.2728 7.35681 0.996683 42.6887
600 0.975959 0.00248898 323 3 70 1 3 20.3158 7.281 2.01857 45.1298
601 0.985638 0.00248898 327 3 60 1 4 21.9283 7.33305 3.20938 46.436
602 0.993935 0.00248898 311 1 60 1 9 22.8558 8.05542 2.79061 56.6243
603 1 0 308 1 50 0 11 23.6233 7.7495 3.94053 46.4539
604 0.999189 0 296 1 44 0 15 21.8188 7.3329 3.79765 48.0432
605 1 0 301 1 32 0 17 23.1207 7.48293 4.33966 48.5339
606 1 0 295 1 22 0 20 24.0552 7.70706 4.23372 48.9352
607 1 0 298 1 18 0 21 24.5998 7.95691 2.83529 53.1171
608 1 0 283 1 12 0 25 24.6839 8.65071 4.3457 57.7619
609 1 0 284 0 6 0 27 24.6007 8.66474 7.63318 49.6427
610 1 0 278 0 6 0 29 23.9453 8.3753 3.71448 48.5482
611 1 0 273 0 2 0 31 23.8494 9.21865 4.42562 54.9535
612 1 0 270 0 2 0 32 23.8359 8.53905 1.4298 47.8149
613 1 0 265 0 2 0 32 23.2047 8.93643 1.12089 78.2208
614 1 0 259 0 2 0 34 22.9989 8.80214 2.64425 79.0264
615 1 0 241 0 2 0 39 23.6414 8.82491 4.72963 50.378
616 1 0 239 0 2 0 40 23.8741 8.19351 3.08248 47.4121
617 1 0 239 0 2 0 40 23.9708 8.13138 3.35176 46.9895
618 1 0 224 0 0 0 44 21.9504 7.54242 4.67157 40.5843
619 1 0 224 0 0 0 44 21.8594 7.60225 4.73376 40.5808
620 1 0 224 0 0 0 44 21.6967 7.62706 3.42376 40.7292
621 1 0 218 0 0 0 45 21.721 8.23356 2.82146 46.7583
622 1 0 214 0 0 0 47 20.9221 7.6366 2.61225 45.1044
623 1 0 214 0 0 0 47 20.8528 7.61408 2.61777 45.1873
624 1 0 210 0 0 0 48 21.181 7.5143 3.54632 43.7158
625 1 0 210 0 0 0 48 21.2006 7.53445 3.61146 43.3487
626 1 0 206 0 0 0 49 21.4073 7.95932 0.332585 41.6464
627 1 0 201 1 0 0 50 20.6012 8.23063 0.550575 40.0476
628 1 0 200 1 0 0 51 20.6641 8.06372 0.942321 40.4344
629 1 0 196 1 0 0 52 20.7508 7.96007 0.75433 43.1765
630 1 0 195 1 0 0 53 20.5211 7.68472 1.42169 43.6212
631 1 0 190 1 0 0 55 20.9211 7.73491 2.78789 45.1577
632 1 0 188 1 0 0 56 20.6738 7.69922 4.28764 43.3841
633 1 0 188 1 0 0 56 20.7563 7.74584 4.2796 43.41
634 1 0 188 1 0 0 56 20.9526 7.67308 4.27216 43.4415
635 1 0 186 1 0 0 57 20.5594 7.31299 4.3913 43.1887
636 1 0 185 1 2 0 57 20.5742 7.54557 3.80511 43.3159
637 1 0 182 1 2 0 58 19.9602 6.8048 5.12799 39.0125
638 1 0 182 1 2 0 58 20.0927 6.83106 5.08248 38.9646
639 0.997514 0.0024855 181 1 2 1 57 19.623 7.04252 2.93289 37.2457
640 0.997515 0.00248482 181 1 2 1 57 19.5933 7.28343 2.05195 37.096
641 0.997516 0.00248413 180 2 2 1 57 19.1665 7.18329 1.87719 37.5575
642 0.989786 0.00248898 180 2 2 1 56 18.5966 7.49385 3.20208 36.8865
643 0.980107 0.00248898 178 2 2 1 56 14.5187 5.93116 1.67048 30.1991
644 0.965449 0.00248898 177 3 2 1 55 14.0948 5.84262 1.25341 29.1042
645 0.915946 0.00248898 178 3 2 1 50 11.9867 5.94217 0.810309 28.2058
646 0.883866 0.00248898 177 4 2 1 48 10.2251 5.49147 0.800969 28.8528
647 0.849297 0.00248898 175 6 2 1 44 8.47311 4.65914 0.523744 30.7139
648 0.832151 0.00248898 175 6 2 1 42 6.9352 4.05681 0.347347 29.3421
649 0.792603 0 174 7 2 0 39 5.448 4.16738 0.349838 36.3696
650 0.79288 0 171 9 4 0 39 4.63469 3.23326 0.197002 15.9734
651 0.741164 0 170 10 4 0 35 3.7158 2.69964 0.197046 16.4593
652 0.724295 0 167 13 4 0 33 3.08751 2.41002 0.144055 12.2824
653 0.709914 0 161 18 6 0 31 2.56099 2.07602 0.016339 9.92203
654 0.688343 0 160 20 6 0 29 2.12095 1.88462 0.00433468 9.80137
655 0.681705 0 153 26 8 0 28 1.67695 1.4726 0.00168192 6.91191
656 0.670367 0 145 32 12 0 27 1.32989 1.18392 0.000791999 5.35353
657 0.657092 0 138 39 12 0 25 1.07112 0.973878 0.000447194 4.6894
658 0.61395 0 130 46 14 0 20 0.904428 0.880409 0.0066277 4.27112
659 0.610907 0 123 52 18 0 19 0.913853 0.987043 0.00455489 5.60827
660 0.613396 0 115 59 20 0 19 0.779743 0.822398 0.00827255 4.283
661 0.573849 0 108 63 26 0 15 0.706603 0.76885 0 4.86553
662 0.577444 0 105 62 36 0 15 0.642595 0.639576 0 4.40191
663 0.582422 0 102 64 40 0 15 0.612212 0.553032 0 3.73928
664 0.57302 0 96 65 52 0 14 0.66422 0.590475 0 3.58806
665 0.570254 0 91 66 64 0 12 0.72826 0.771238 0.0222516 4.62972
666 0.579104 0 88 62 78 0 12 0.821083 0.908883 0.0174243 6.15809
667 0.579933 0 85 59 92 0 11 1.00181 1.12944 0.0141531 7.65814
668 0.592655 0 88 53 104 0 11 1.17144 1.43035 0.0127407 7.41963
669 0.59708 0 87 48 118 0 10 1.22853 1.53191 0.0126725 6.98948
670 0.60344 0 85 49 126 0 9 1.39638 1.66621 0.0171157 7.20927
671 0.618374 0 95 46 124 0 8 1.59555 1.72079 0.0130618 7.73752
672 0.625565 0 94 48 128 0 7 1.92728 1.81911 0.0220292 7.32834
673 0.640775 0 105 43 130 0 6 2.09173 2.00271 0.043615 8.49361
674 0.646306 0 116 39 132 0 4 2.27026 2.01465 0.0184729 8.97095
675 0.659581 0 124 42 124 0 3 2.22498 1.80923 0.0272157 7.17805
676 0.676727 0 137 40 118 0 3 2.25343 1.91535 0.0152994 8.48327
677 0.693044 0 149 43 106 0 3 2.38912 2.02303 0.0188264 8.46322
678 0.702723 0 157 48 96 0 2 2.12519 1.66571 0.0347545 7.79524
679 0.715998 0 168 43 98 0 2 2.10684 1.62584 0.0222863 7.84081
680 0.722082 0 166 53 92 0 1 2.04368 1.54888 0.0367946 8.16983
681 0.734804 0 171 51 96 0 1 2.5777 2.18665 0.0368908 11.7034
682 0.748078 0 179 56 86 0 1 3.15162 2.85232 0.0375329 15.9649
683 0.75997 0 194 54 78 0 1 3.27278 2.90198 0.058026 16.5038
684 0.770756 0 189 59 84 0 1 3.6878 3.21436 0.0400889 17.2828
685 0.782371 0 198 57 80 0 1 3.96132 3.18779 0.0529054 15.8919
686 0.788455 0 199 56 86 0 0 4.34743 3.29481 0.0629698 15.4629
687 0.800347 0 202 51 96 0 0 5.10568 3.57119 0.0973756 18.1259
688 0.813621 0 216 50 86 0 0 5.57238 3.58434 0.120293 14.6943
689 0.825513 0 218 40 106 0 0 6.45895 3.55744 0.160803 16.6711
690 0.840171 0 231 36 102 0 0 7.2043 3.94773 0.215541 18.0423
691 0.854275 0 236 29 112 0 0 8.2962 4.33235 0.401058 21.7191
692 0.869762 0 243 29 108 0 0 9.24921 4.4555 0.373543 26.3797
693 0.884696 0 253 20 118 0 0 10.7402 5.14884 0.589268 28.0915
694 0.901012 0 258 20 114 0 0 11.9485 5.43218 0.222428 29.4726
695 0.916776 0 270 15 112 0 0 13.7387 5.94142 0.25031 32.725
696 0.932263 0 285 13 102 0 0 16.1758 6.77499 0.222687 39.0525
697 0.933922 0 285 12 100 0 0 13.0795 4.82818 0.10752 27.6145
698 0.94775 0 308 11 80 0 0 16.019 5.72394 1.62031 32.9028
699 0.958812 0 317 11 72 0 0 17.9952 6.25625 0.823499 39.2963
700 0.968768 0 333 10 58 0 0 19.8062 6.82132 0.988397 44.6672
701 0.974299 0.00248898 332 7 58 1 1 20.8303 6.89603 2.5409 50.1101
702 0.982319 0.00248898 329 5 40 1 6 21.5523 7.09587 1.81178 46.6424
703 0.98785 0.00248898 326 5 40 1 7 22.8695 7.12332 4.9299 45.8561
704 0.993381 0.00248898 319 5 30 1 11 23.1784 6.92451 4.18029 51.5502
705 0.997511 0.00248894 321 4 26 1 12 24.4654 7.48918 6.29739 52.6556
706 0.99752 0.00248002 320 3 24 1 14 25.2512 8.14803 6.0355 53.3959
707 0.994488 0.00248898 296 2 22 1 20 23.0966 8.03611 4.81274 53.4126
708 0.997511 0.00248894 278 1 22 1 25 23.002 8.26291 3.82584 51.2915
709 0.997519 0.00248139 271 1 20 1 28 22.9587 8.01331 7.48732 49.2785
710 0.997525 0.00247457 277 1 14 1 28 23.5753 8.0158 7.38918 49.8597
711 0.995317 0 262 1 10 0 30 19.5977 6.90004 5.85563 41.3671
712 0.9967 0 259 0 10 0 31 19.2736 6.66038 5.96473 37.6209
713 0.998083 0 259 0 10 0 31 19.5584 6.65664 6.27634 37.7252
714 0.999466 0 261 0 8 0 31 19.9676 6.79375 6.27013 37.7633
715 1 0 263 0 6 0 31 20.2208 6.89923 6.21467 41.2195
716 1 0 256 0 4 0 32 20.1829 7.20225 5.69231 41.8456
717 1 0 252 0 2 0 33 20.7935 7.19458 3.27517 43.7357
718 1 0 235 1 2 0 36 20.1749 7.62579 5.81384 40.5711
719 1 0 231 1 2 0 37 20.0842 7.45346 4.81117 45.3099
720 1 0 231 1 2 0 37 20.1405 7.46892 4.76745 45.4187
721 1 0 233 1 0 0 37 20.2797 7.59213 4.71227 45.544
722 1 0 229 1 0 0 39 20.0698 7.43641 4.53672 38.2589
723 1 0 227 1 0 0 40 19.9849 7.38535 4.50754 38.5847
724 1 0 221 1 0 0 42 19.3392 7.21941 4.41623 37.3088
725 1 0 221 1 0 0 42 19.3177 7.24311 4.42261 37.3019
726 1 0 220 2 0 0 42 19.3399 7.2197 4.42854 37.2966
727 1 0 220 1 2 0 42 19.468 7.26065 3.90905 37.294
728 1 0 220 1 2 0 42 19.4392 7.26463 2.07961 37.3147
729 1 0 220 1 2 0 42 19.3953 7.30133 3.19425 37.3905
730 1 0 220 1 2 0 42 19.4585 7.28008 4.45997 37.4271
731 1 0 220 1 2 0 42 19.4641 7.25273 4.47046 37.426
732 1 0 219 2 2 0 42 19.4428 7.21011 3.72997 37.4307
733 1 0 219 2 2 0 42 19.4627 7.17208 4.49876 37.4947
734 1 0 218 3 2 0 42 19.4962 7.12319 4.51069 37.5895
735 1 0 218 2 4 0 42 19.6864 7.16698 4.52326 37.7113
736 1 0 220 2 2 0 42 19.7828 7.11415 4.04212 37.8696
737 1 0 213 2 2 0 44 19.7094 6.84356 3.61627 39.6669
738 1 0 213 2 2 0 44 19.7461 6.86355 3.51526 39.9045
739 1 0 213 2 2 0 44 19.7928 6.88796 3.40626 39.6187
740 1 0 210 2 2 0 45 19.9585 6.92869 1.2074 37.5355
741 1 0 207 1 4 0 46 19.9508 6.6638 2.94624 36.1269
742 1 0 207 1 4 0 46 20.0304 6.68036 2.97969 36.1018
743 0.997532 0.00246846 199 1 6 1 48 20.2646 6.69398 3.25532 36.3252
744 0.991722 0.00248898 201 1 4 1 47 19.3107 6.61208 1.24284 36.2394
745 0.930051 0.00248898 201 1 4 1 42 16.0262 6.33555 0.697497 34.8488
746 0.920648 0.00248898 201 1 4 1 41 14.5922 6.15301 0.58413 33.5646
747 0.878888 0.00248898 200 2 4 1 37 11.7312 5.59222 0.143955 28.748
748 0.869485 0.00248898 200 2 4 1 36 10.5357 5.24145 0.122213 26.1325
749 0.857593 0.00248898 200 2 4 1 34 9.15009 4.75211 0.0674867 25.8948
750 0.795922 0.00497797 201 2 2 2 28 6.4486 4.64566 0.0298251 27.1986
751 0.746419 0.00497797 199 4 2 2 23 4.21836 2.86687 0.0242743 15.9416
752 0.724295 0.00497797 193 11 2 2 20 3.25939 2.37646 0.0208822 14.5669
753 0.724571 0.00248898 185 19 2 1 20 2.73263 2.12917 0.0194455 13.3402
754 0.687513 0.00248898 178 26 2 1 18 2.19195 1.92485 0.0188021 12.2211
755 0.675344 0.00248898 174 30 2 1 17 1.81538 1.67742 0.0185896 11.281
756 0.675621 0.00248898 170 33 4 1 17 1.44033 1.17839 0.0189932 7.92501
757 0.676174 0.00248898 159 44 4 1 17 1.21976 0.992365 0.0199027 5.82981
758 0.676727 0.00248898 154 49 4 1 17 1.05544 0.864525 0.0206352 4.71621
759 0.65488 0.00248898 145 58 4 1 16 0.899018 0.7934 0.0184814 4.45533
760 0.640499 0 139 62 8 0 15 0.905881 0.874246 0.0143371 4.42184
761 0.601781 0 132 63 22 0 12 0.859038 0.863199 0.0129992 5.07789
762 0.594867 0 121 66 38 0 11 1.06296 1.04824 0.0128185 5.50321
763 0.600122 0 117 63 52 0 11 1.15967 1.07213 0.0183285 4.99247
764 0.607312 0 111 65 60 0 11 1.21646 1.15425 0.0222871 4.79027
765 0.605653 0 107 67 66 0 9 1.18712 1.11942 0.027117 5.11614
766 0.609801 0 101 62 88 0 8 1.58157 1.34756 0.0264846 6.51473
767 0.607036 0 96 62 98 0 6 1.57856 1.36978 0.0400957 7.22495
768 0.620587 0 92 57 116 0 6 1.67057 1.43775 0.110535 7.55514
769 0.636627 0 94 53 124 0 6 2.15399 1.87958 0.0344653 9.06872
770 0.653773 0 107 47 126 0 6 2.38173 2.03971 0.0134391 11.8185
771 0.671196 0 119 40 132 0 6 2.60655 2.11516 0.00141674 10.3899
772 0.689449 0 129 40 126 0 6 2.78693 2.24752 0.000528434 10.552
773 0.706872 0 134 37 130 0 6 2.86768 2.37131 0.000114488 11.2244
774 0.724848 0 137 36 134 0 6 3.24893 2.45522 2.49222e-05 12.4458
775 0.743377 0 153 36 124 0 6 3.78084 2.8914 5.55722e-06 14.2645
776 0.760523 0 158 36 124 0 6 4.21855 3.20892 1.22383e-06 17.3955
777 0.777669 0 173 35 114 0 6 4.63428 3.29344 2.70165e-07 18.3529
778 0.793433 0 183 35 106 0 6 4.79278 3.34161 6.15668e-07 15.8955
779 0.80809 0 198 35 94 0 6 4.80259 3.28902 0.0254865 16.515
780 0.803665 0 217 34 80 0 4 5.50912 3.74832 0.0228601 20.7989
781 0.814728 0 223 32 80 0 4 6.00851 3.89081 0.0881906 19.287
782 0.82579 0 233 31 74 0 4 6.46161 3.94966 0.154189 18.7758
783 0.828555 0 239 32 72 0 3 6.77528 3.93041 0.107574 17.9814
784 0.831044 0 250 27 72 0 2 6.90336 4.09786 0.0518543 19.9703
785 0.841 0 258 24 72 0 2 7.15462 3.89998 0.0385979 19.0474
786 0.836022 0 265 22 70 0 0 7.13703 3.70408 0.0469507 17.8799
787 0.845702 0 267 22 70 0 0 7.18277 3.85139 0.722022 19.9218
788 0.855381 0 271 21 70 0 0 7.28333 3.82377 0.468906 21.4294
789 0.86506 0 279 18 68 0 0 7.78972 4.02856 0.24197 20.6182
790 0.874463 0 286 17 64 0 0 8.61258 4.55527 0.124731 24.7574
791 0.883313 0 291 16 62 0 0 9.30548 4.70693 0.883706 25.1819
792 0.891886 0 300 11 64 0 0 10.4169 5.34934 0.435226 26.7905
793 0.900736 0 310 12 54 0 0 11.5527 5.65861 0.21307 29.5904
794 0.908203 0 319 11 48 0 0 12.7605 6.27578 1.3493 33.4488
795 0.91484 0 324 11 44 0 0 13.1555 6.35416 1.15058 34.8082
796 0.920924 0 328 9 44 0 0 13.6025 6.37405 1.125 34.5437
797 0.927008 0 333 8 42 0 0 14.5466 6.49812 1.15341 32.2706
798 0.932816 0 339 8 36 0 0 15.304 6.52384 1.1197 33.035
799 0.937794 0 342 8 34 0 0 16.0148 6.66985 0.907031 36.0499
800 0.942495 0 346 7 32 0 0 16.6915 6.88749 0.498206 39.7005
