0 0.0174229 0 6 1 0 0 0 0.00103892 0.00119965 0 0.00242468
1 0.0174229 0 5 2 0 0 0 0.000128899 0.00014884 0 0.000300947
2 0.0174229 0 5 2 0 0 0 0.000122054 0.000140936 0 0.000284962
3 0.0174229 0 5 2 0 0 0 0.000115746 0.000133652 0 0.000270228
4 0.0174229 0 2 5 0 0 0 0.000109917 0.000126922 0 0.000256431
5 0.0174229 0 2 5 0 0 0 0.000104522 0.000120692 0 0.000243845
6 0.0174229 0 2 5 0 0 0 9.95176e-05 0.000114913 0 0.000232171
7 0.0174229 0 2 5 0 0 0 9.48667e-05 0.000109543 0 0.000221322
8 0.0174229 0 2 5 0 0 0 9.05369e-05 0.000104543 0 0.000211221
9 0.0174229 0 2 4 2 0 0 6.45141e-05 9.12367e-05 0 0.000193481
10 0.0176994 0 2 3 4 0 0 7.38985e-05 9.05068e-05 0 0.00018469
11 0.0182526 0 2 3 4 0 0 7.04118e-05 8.62365e-05 0 0.000175977
12 0.0188057 0 2 3 4 0 0 6.71248e-05 8.22108e-05 0 0.000167763
13 0.0193588 0 2 0 10 0 0 8.038e-05 8.038e-05 0 0.00016076
14 0.0207415 0 2 0 10 0 0 7.71265e-05 7.71265e-05 0 0.000154253
15 0.0221243 0 1 1 10 0 0 7.3668e-05 7.3668e-05 0 0
16 0.0235071 0 1 1 10 0 0 7.07274e-05 7.07274e-05 0 0
17 0.0248898 0 1 1 10 0 0 6.78831e-05 6.78831e-05 0 0
18 0.0262726 0 3 1 8 0 0 0.0745842 0.0951871 0 0.232859
19 0.0273788 0 5 1 6 0 0 0.0222161 0.0300205 0 0.0869518
20 0.0282085 0 5 1 6 0 0 0.0100303 0.0164526 0 0.0456459
21 0.0290382 0 4 2 6 0 0 0.00575284 0.00991215 0.000164783 0.0272233
22 0.0298678 0 9 3 0 0 0 0.0539897 0.0698455 2.48189e-05 0.201054
23 0.0298678 0 8 4 0 0 0 0.0205185 0.0261423 2.73447e-06 0.0760719
24 0.0298678 0 8 3 2 0 0 0.0120413 0.0139221 7.46365e-08 0.0400687
25 0.0301444 0 6 5 2 0 0 0.00564669 0.00630215 7.91665e-09 0.0180558
26 0.0304209 0 6 5 2 0 0 0.00352488 0.00385708 1.4259e-09 0.0109458
27 0.0306975 0 6 5 2 0 0 0.00230943 0.00249293 7.95809e-11 0.00699018
28 0.030974 0 5 6 2 0 0 0.00182593 0.00196006 8.1854e-12 0.00545318
29 0.0312506 0 4 7 2 0 0 0.00149485 0.00159863 1.0199e-12 0.00441559
30 0.0315271 0 3 7 4 0 0 0.00139711 0.00135709 1.52757e-13 0.00371923
31 0.0320802 0 3 6 6 0 0 0.00176674 0.00201529 2.6404e-14 0.00320119
32 0.0329099 0 1 7 8 0 0 0.0162276 0.0376652 0.00274184 0.00274184
33 0.0340161 0 2 8 6 0 0 0.0296827 0.0495985 0.0272924 0.138168
34 0.0348458 0 2 6 10 0 0 0.0355611 0.0368015 0.00778227 0.0495913
35 0.0362286 0 2 6 10 0 0 0.0326893 0.0382633 0.00366723 0.0262481
36 0.0376113 0 1 7 10 0 0 0.0325381 0.0404694 0.0166186 0.0166186
37 0.0389941 0 0 7 12 0 0 0.0365564 0.0448107 inf -100
38 0.0406534 0 0 6 14 0 0 0.0251603 0.0395796 inf -100
39 0.0425893 0 2 5 14 0 0 0.00972749 0.00964792 0.0157917 0.0157917
40 0.0445252 0 4 5 12 0 0 0.00958009 0.0118543 0.00176678 0.0350372
41 0.0461845 0 6 3 14 0 0 0.0687404 0.130264 0.000238125 0.421642
42 0.0481204 0 6 2 16 0 0 0.0881517 0.113958 4.02535e-05 0.344615
43 0.0503328 0 8 4 12 0 0 0.105415 0.114147 8.31763e-06 0.329457
44 0.0519921 0 6 6 12 0 0 0.079761 0.0962888 0.00419128 0.299426
45 0.0536514 0 5 6 14 0 0 0.0938491 0.0963419 0.0131003 0.305807
46 0.0555873 0 7 5 14 0 0 0.169121 0.239455 0.00918198 0.906507
47 0.0575232 0 9 5 12 0 0 0.169403 0.202896 0.0104005 0.738291
48 0.0591825 0 11 5 10 0 0 0.147231 0.175618 0.00902902 0.673521
49 0.0605653 0 11 5 10 0 0 0.0782758 0.0838681 0.00684742 0.291928
50 0.0619481 0 14 6 6 0 0 0.0831849 0.139849 0.00739529 0.64002
51 0.0627777 0 13 9 4 0 0 0.0749368 0.108149 0.000740919 0.410853
52 0.0633308 0 9 11 8 0 0 0.127201 0.36887 0.000161859 0.109828
53 0.064437 0 7 11 12 0 0 0.149438 0.272968 3.20517e-05 0.0888705
54 0.0660964 0 7 12 12 0 0 0.13791 0.204314 0.011718 0.247482
55 0.0677557 0 8 13 10 0 0 0.136682 0.192669 0.0184471 0.573924
56 0.0691385 0 8 13 10 0 0 0.0997925 0.150264 0.016174 0.258033
57 0.0705212 0 7 14 10 0 0 0.0837526 0.134092 0.0141326 0.150153
58 0.071904 0 5 16 10 0 0 0.0763713 0.126975 0.0124371 0.102359
59 0.0732868 0 4 16 12 0 0 0.0782006 0.142631 0.010992 0.0394274
60 0.0749461 0 4 13 18 0 0 0.134003 0.211639 0.00972868 0.0292023
61 0.0774351 0 8 9 22 0 0 0.125973 0.158254 0.00858406 0.294083
62 0.0804772 0 12 7 22 0 0 0.118185 0.152321 0.0057824 0.447636
63 0.0835193 0 13 6 24 0 0 0.0686586 0.0729309 0.00349235 0.212597
64 0.0868379 0 11 7 26 0 0 0.0567943 0.0629277 0.000871601 0.207339
65 0.0904331 0 10 8 26 0 0 0.0671156 0.0794961 0.000200979 0.239847
66 0.0940283 0 10 7 28 0 0 0.0699796 0.100225 6.01527e-05 0.37018
67 0.0979001 0 10 5 32 0 0 0.0520188 0.0755503 3.13006e-05 0.245476
68 0.102325 0 11 5 32 0 0 0.113717 0.164923 2.44988e-05 0.681336
69 0.10675 0 17 5 26 0 0 0.183265 0.274779 2.29757e-05 0.957397
70 0.110345 0 24 6 18 0 0 0.252116 0.410541 0.00151766 1.72585
71 0.112834 0 27 7 14 0 0 0.157432 0.244491 0.00152991 1.2309
72 0.11477 0 29 8 12 0 0 0.131806 0.188169 0.00599566 0.926748
73 0.116429 0 26 11 14 0 0 0.0938915 0.137941 0.00334666 0.785761
74 0.118365 0 23 13 16 0 0 0.112045 0.168455 0.00643874 0.800675
75 0.120577 0 25 13 14 0 0 0.133121 0.168113 0.00315168 0.730373
76 0.122513 0 28 14 10 0 0 0.164192 0.247897 0.000692146 0.831555
77 0.123896 0 27 16 10 0 0 0.197375 0.338197 0.000722162 1.61304
78 0.125279 0 26 17 10 0 0 0.147451 0.249316 0.00158311 0.73379
79 0.126662 0 24 18 12 0 0 0.129751 0.232673 0.00212594 0.599841
80 0.128321 0 22 19 14 0 0 0.21785 0.381414 0.00251746 0.923935
81 0.130257 0 22 19 16 0 0 0.180465 0.338213 0.00277759 1.08354
82 0.132469 0 26 14 22 0 0 0.258879 0.390363 0.00591878 1.17354
83 0.135511 0 27 12 26 0 0 0.401736 0.649367 9.27873e-05 3.7743
84 0.139107 0 27 12 26 0 0 0.334714 0.446369 0.00246631 2.39637
85 0.142702 0 23 15 28 0 0 0.373544 0.641597 0.00345755 3.61798
86 0.146574 0 24 13 32 0 0 0.353197 0.439406 0.00610287 2.50011
87 0.150998 0 19 17 34 0 0 0.489619 0.706904 0.029914 3.11039
88 0.1557 0 19 17 36 0 0 0.561928 0.846562 0.0345738 3.67401
89 0.160678 0 19 17 38 0 0 0.774598 1.21427 0.0378945 5.25163
90 0.165932 0 22 16 38 0 0 0.797689 1.07485 0.0404283 3.99621
91 0.171187 0 29 19 28 0 0 0.713107 0.835975 0.0118008 3.05805
92 0.175059 0 32 21 24 0 0 0.645058 0.664173 0.0195291 2.46959
93 0.178377 0 31 22 24 0 0 0.540892 0.555444 0.0119712 2.09521
94 0.181696 0 28 23 30 0 0 0.652177 0.727524 0.0173366 3.0362
95 0.185844 0 29 27 26 0 0 0.532154 0.605396 0.0179015 1.99676
96 0.189439 0 29 24 34 0 0 0.527315 0.558985 0.00897062 1.82068
97 0.194141 0 32 23 34 0 0 0.460335 0.430202 0.0416947 1.51472
98 0.198842 0 34 23 34 0 0 0.433702 0.391663 0.0209946 1.52008
99 0.203544 0 34 26 32 0 0 0.409573 0.422841 0.00887403 1.95004
100 0.207968 0 30 27 38 0 0 0.395733 0.437368 0.00688841 1.79937
101 0.213223 0 30 26 42 0 0 0.336941 0.366066 0.00994315 1.69334
102 0.219031 0 29 26 44 0 0 0.374798 0.401034 0.0277476 1.69562
103 0.225115 0 37 21 46 0 0 0.489938 0.548715 0.0537796 1.91952
104 0.231476 0 36 19 54 0 0 0.624787 0.623327 0.0106952 1.95621
105 0.238943 0 41 22 48 0 0 0.955398 1.07245 0.0133317 5.44824
106 0.24558 0 43 23 46 0 0 0.900959 1.09172 0.014688 4.26869
107 0.251941 0 42 26 46 0 0 0.847637 1.1431 0.022912 4.04134
108 0.258301 0 41 25 52 0 0 1.01447 1.38212 0.0272474 5.39023
109 0.265492 0 43 25 54 0 0 1.10157 1.5968 0.0159069 6.24085
110 0.272959 0 45 27 52 0 0 0.972174 1.31055 0.00552686 5.62968
111 0.280149 0 46 27 52 0 0 1.02443 1.36831 0.00834602 5.34705
112 0.287339 0 53 30 42 0 0 1.04543 1.38925 0.0128814 6.45629
113 0.293147 0 61 29 38 0 0 1.19928 1.86629 0.0122801 8.42309
114 0.298402 0 63 26 44 0 0 1.08743 1.76425 0.0085804 9.86469
115 0.304486 0 60 29 46 0 0 0.943665 1.59793 0.00600401 9.44142
116 0.310847 0 62 26 52 0 0 0.999887 1.44682 0.00514576 7.15853
117 0.318037 0 65 28 50 0 0 0.939952 1.34123 0.0505688 6.10804
118 0.324951 0 68 29 50 0 0 1.38344 2.16464 0.0230975 10.5217
119 0.331865 0 68 29 54 0 0 1.40808 2.17419 0.00804976 11.3319
120 0.339332 0 66 32 54 0 0 1.42041 2.18308 0.0121198 10.604
121 0.346799 0 62 33 60 0 0 1.37199 2.00147 0.023186 9.27577
122 0.355095 0 67 32 58 0 0 1.4358 1.88326 0.0166194 8.67266
123 0.363115 0 75 32 52 0 0 1.59232 1.98776 0.00454802 9.28315
124 0.370306 0 77 29 58 0 0 1.58159 1.75349 0.0129527 8.05707
125 0.378326 0 84 30 52 0 0 1.31726 1.49822 0.0123002 7.06307
126 0.385516 0 85 30 56 0 0 1.22812 1.27154 0.0394445 6.03762
127 0.39326 0 87 31 58 0 0 1.21651 1.22036 0.0525326 5.27668
128 0.40128 0 92 30 58 0 0 1.0692 1.02644 0.00904731 4.44799
129 0.4093 0 88 32 64 0 0 1.10758 1.08945 0.00386424 4.93065
130 0.41566 0.00248898 89 32 66 1 0 1.10495 0.975574 0.014985 4.62206
131 0.424787 0.00248898 88 36 64 1 0 1.01195 0.968 0.0130723 4.46177
132 0.433636 0.00248898 82 44 64 1 0 1.05961 1.06124 0.0102568 4.62577
133 0.442486 0.00248898 89 45 58 1 0 1.08928 1.09375 0.00923359 5.05183
134 0.450506 0.00248898 90 45 60 1 0 1.2099 1.38723 0.0108861 6.03435
135 0.458803 0.00248898 95 45 60 1 0 1.25802 1.38971 0.0151066 6.37655
136 0.467099 0.00248898 100 44 62 1 0 1.20569 1.19621 0.0124249 6.01569
137 0.475673 0.00248898 102 47 60 1 0 1.24778 1.21475 0.000341806 6.42384
138 0.483969 0.00248898 109 42 64 1 0 1.36314 1.3703 0.0152954 6.81195
139 0.49033 0.00497797 114 40 64 2 0 1.36323 1.43201 0.00630892 8.14478
140 0.49918 0.00248898 112 39 72 1 0 1.38663 1.55283 0.00410532 7.39997
141 0.509136 0.00248898 111 34 88 1 0 1.59382 1.5759 0.00943656 6.69937
142 0.521304 0.00248898 105 41 90 1 0 1.62226 1.58673 0.00393266 6.18735
143 0.533749 0.00248898 103 46 90 1 0 1.95345 1.78576 0.0186018 6.42832
144 0.546194 0.00248898 108 46 90 1 0 2.26754 2.12037 0.0389079 8.21204
145 0.558639 0.00248898 113 48 88 1 0 2.35471 2.33779 0.0356466 10.8539
146 0.568318 0.00497797 115 45 94 2 0 2.40739 2.88573 0.0393361 17.7197
147 0.581316 0.00497797 119 52 84 2 0 2.52085 2.92622 0.0469703 16.9692
148 0.590442 0.00746695 122 54 80 3 0 2.75303 2.95584 0.0380715 14.8411
149 0.601505 0.00497797 130 52 78 2 0 3.2101 3.19558 0.0800655 15.4315
150 0.61229 0.00497797 142 55 68 2 0 3.47491 3.12673 0.0335318 14.5469
151 0.621693 0.00497797 147 46 82 2 0 3.30288 2.96347 0.00931773 14.1734
152 0.633032 0.00497797 149 42 92 2 0 3.48909 3.20082 0.0371631 13.2942
153 0.645753 0.00497797 156 40 92 2 0 3.75731 3.28647 0.0163212 13.4242
154 0.658475 0.00497797 164 35 96 2 0 3.94283 3.36304 0.0322177 13.4103
155 0.671749 0.00497797 173 35 90 2 0 4.07009 3.28616 0.0260561 14.0133
156 0.684194 0.00248898 172 30 104 1 0 4.33619 3.50079 0.0268056 15.8216
157 0.698575 0.00248898 174 28 108 1 0 5.04498 3.86196 0.0201762 19.9684
158 0.713509 0 178 30 104 0 0 5.47261 3.98852 0.0110736 20.4817
159 0.72789 0 188 22 110 0 0 5.73673 4.00718 0.0218558 18.3524
160 0.7431 0 205 24 92 0 0 6.47339 4.35744 0.130009 22.4663
161 0.755822 0 219 22 84 0 0 6.9984 4.52609 0.0811135 21.3545
162 0.767437 0 228 20 80 0 0 6.85602 4.35805 0.372217 24.2221
163 0.778499 0 239 21 70 0 0 7.12964 4.7555 0.306526 25.3369
164 0.788178 0 240 23 70 0 0 7.46845 4.9195 0.2079 23.1933
165 0.797858 0 255 21 60 0 0 7.69231 5.13492 0.11228 24.7743
166 0.806154 0 260 22 56 0 0 8.38358 5.47868 0.22418 28.5781
167 0.813898 0 259 23 60 0 0 8.9622 5.53581 0.024342 29.8035
168 0.822195 0 275 23 44 0 0 9.63105 5.62937 0.0430229 29.3135
169 0.828279 0 276 21 48 0 0 10.1041 5.67839 0.626806 28.5988
170 0.834916 0 282 21 44 0 0 10.5292 5.87082 0.996537 29.3094
171 0.841 0 286 22 40 0 0 10.757 6.13045 0.861221 29.6434
172 0.846531 0 282 20 42 0 1 5.63489 3.60717 0.0706201 16.9892
173 0.852339 0 281 22 46 0 1 6.68476 3.75457 0.0828843 18.7038
174 0.8587 0 285 23 42 0 1 7.49835 3.93724 0.228308 18.1286
175 0.864507 0 288 21 44 0 1 7.94531 4.04362 0.0489179 18.1094
176 0.870591 0 294 18 46 0 1 8.59607 4.19347 0.299087 20.1312
177 0.876952 0 294 18 46 0 1 8.99539 4.47676 0.194919 21.2619
178 0.883313 0 296 21 42 0 1 9.75366 4.95335 0.20664 26.5294
179 0.889121 0 299 20 42 0 1 10.3747 5.06219 0.102465 25.6583
180 0.894928 0 289 21 44 0 2 7.09342 3.36637 0.647826 16.7964
181 0.901012 0 294 21 40 0 2 7.92221 3.72811 0.426734 19.1512
182 0.906543 0 300 18 44 0 2 8.82264 4.12258 0.0901743 21.3771
183 0.912628 0 302 16 46 0 2 9.79013 4.57447 0.0279004 23.1892
184 0.918988 0 307 16 42 0 2 10.7582 4.86907 0.118868 27.3307
185 0.924796 0 316 15 36 0 2 11.8442 5.10093 1.18421 27.7893
186 0.929774 0 316 15 36 0 2 12.2383 5.25362 2.07703 30.2323
187 0.934752 0 313 12 42 0 3 11.1771 4.49904 0.830246 26.1952
188 0.94056 0 316 12 40 0 3 12.2171 4.98168 1.08105 30.2719
189 0.946091 0 314 9 42 0 4 12.3951 4.8349 1.26721 29.8421
190 0.951898 0 306 8 42 0 6 13.8923 5.13753 0.343078 30.0566
191 0.955217 0 310 3 36 0 8 14.9392 5.46173 2.83416 38.248
192 0.957706 0.00248898 313 3 32 1 8 16.0603 5.59577 3.30229 33.97
193 0.962131 0.00248898 314 3 30 1 9 16.7847 5.81216 2.48955 37.6339
194 0.966279 0.00248898 307 2 28 1 12 17.2954 6.29201 3.82954 41.2852
195 0.955217 0.00248898 292 2 28 1 15 14.3041 5.57635 0.597436 35.2084
196 0.959089 0.00248898 294 1 22 1 16 14.6343 5.55795 1.27419 30.4036
197 0.962131 0.00248898 286 1 22 1 19 15.9435 5.83502 0.993759 34.0962
198 0.965173 0.00248898 287 1 16 1 20 16.4199 6.06755 3.7351 36.7626
199 0.967385 0.00248898 283 1 14 1 21 17.1649 6.28647 2.3267 36.1708
200 0.969321 0.00248898 275 1 6 1 24 16.3647 5.98551 4.21159 34.5437
201 0.970151 0.00248898 275 1 6 1 24 16.4281 5.94251 2.73561 33.4321
202 0.968492 0.00248898 270 1 6 1 25 15.2943 5.92346 1.77807 33.9186
203 0.969321 0.00248898 270 1 4 1 26 15.2594 5.86797 0.296067 34.2554
204 0.969874 0.00248898 265 1 4 1 27 14.9619 5.40474 2.90472 33.9691
205 0.970427 0.00248898 267 1 2 1 27 15.1378 5.44733 2.93042 33.8919
206 0.970704 0.00248898 264 0 2 1 29 14.5283 5.14985 2.41145 30.2969
207 0.970981 0.00248898 264 0 2 1 29 14.5855 5.18683 2.43351 30.1743
208 0.968768 0.00497797 263 0 2 2 29 14.6937 5.34145 2.46281 35.6562
209 0.969045 0.00497797 263 0 2 2 29 14.6281 5.19925 2.50021 29.2776
210 0.969321 0.00497797 262 0 2 2 30 14.6938 5.44813 2.7381 27.4572
211 0.969598 0.00497797 257 0 2 2 31 14.789 5.78013 1.15103 32.6827
212 0.969874 0.00248898 257 0 2 1 31 14.7417 5.81593 1.19042 32.7989
213 0.970151 0.00248898 255 0 2 1 32 14.9984 6.38721 0.685935 48.0095
214 0.970427 0.00248898 254 0 2 1 33 15.1493 5.92788 2.69849 33.2148
215 0.953281 0.00248898 253 0 0 1 33 13.5619 5.68956 0.138477 30.2307
216 0.953281 0.00248898 248 0 0 1 34 12.6694 6.12554 0.609228 62.9738
217 0.953281 0.00248898 247 1 0 1 34 12.506 5.23519 0.6102 24.4837
218 0.953281 0 244 4 0 0 34 12.3568 5.15911 0.605432 24.6463
219 0.953281 0 244 4 0 0 34 12.5664 6.57256 0.59645 77.4301
220 0.953281 0 243 5 0 0 34 12.3786 5.03669 0.596077 25.0134
221 0.953281 0 242 6 0 0 34 12.328 5.03057 0.595453 24.8874
222 0.953281 0 240 8 0 0 34 12.3437 4.98075 1.2522 24.7269
223 0.93088 0 240 8 0 0 33 11.5782 4.77518 1.38835 23.1518
224 0.93088 0 240 8 0 0 33 11.2944 4.75404 1.3698 22.5576
225 0.93088 0 239 9 0 0 33 11.0264 4.7116 0.760678 22.1194
226 0.93088 0 238 9 2 0 33 10.9506 4.72125 0.986981 23.3304
227 0.931157 0 237 7 8 0 33 10.9612 4.90411 0.914285 26.6937
228 0.932263 0 237 7 8 0 33 10.7068 4.74274 0.816061 27.0979
229 0.933369 0 237 6 10 0 33 10.4652 4.60803 0.419967 25.0675
230 0.924796 0 235 7 12 0 32 10.2727 4.685 1.37838 24.7074
231 0.926455 0 235 5 16 0 32 10.5416 4.79817 0.270376 24.7143
232 0.913734 0 233 7 16 0 31 10.2723 4.77209 0.451227 24.9352
233 0.891056 0 232 8 16 0 29 9.86471 4.72485 0.327757 25.6175
234 0.868379 0 231 8 18 0 27 9.04259 4.46844 0.615872 26.1704
235 0.870868 0 233 7 18 0 27 8.84104 4.54694 0.353357 26.0205
236 0.870868 0 238 7 14 0 26 8.66348 4.8674 0.228083 30.1017
237 0.845425 0 236 9 14 0 23 7.50551 4.35249 0.244346 23.8953
238 0.82496 0 238 9 12 0 20 6.53457 3.94445 0.275061 21.9591
239 0.811686 0 237 10 14 0 19 5.84568 3.67362 0.115913 21.0127
240 0.791221 0 237 14 10 0 16 5.18436 3.73924 0.0856267 26.3171
241 0.780158 0 236 13 14 0 15 4.26513 3.21314 0.0466795 18.1453
242 0.76716 0 230 18 16 0 14 3.78923 2.85246 0.0469002 16.05
243 0.729549 0 230 19 16 0 11 3.03025 2.48003 0.0592289 14.0269
244 0.731761 0 224 27 14 0 11 2.67488 2.23575 0.062409 12.4219
245 0.723741 0 220 32 14 0 10 2.37398 2.07978 0.0563344 11.2092
246 0.720699 0 215 35 18 0 9 2.06881 1.88829 0.0498 10.2876
247 0.710743 0 199 51 18 0 8 1.83566 1.75514 0.0460583 9.52196
248 0.713232 0 195 56 20 0 8 1.81922 1.69925 0.0323193 8.87884
249 0.703553 0 189 58 28 0 6 1.53958 1.44565 0.0311559 8.40935
250 0.707425 0 182 68 26 0 6 1.44495 1.31081 0.0257439 7.57377
251 0.71102 0 171 75 36 0 6 1.71947 1.66339 0.0281273 8.4105
252 0.713509 0.00248898 160 85 38 1 6 1.80921 1.71423 0.0354944 8.02463
253 0.716274 0.00248898 151 86 54 1 5 2.0859 1.79588 0.0341756 7.88213
254 0.711296 0.00248898 147 86 64 1 4 2.2404 1.8957 0 8.72336
255 0.720146 0.00248898 147 85 70 1 4 2.56122 2.25259 0 10.4495
256 0.724848 0.00248898 144 72 102 1 3 3.0007 2.31674 0 10.5587
257 0.736463 0.00248898 148 66 112 1 2 3.67519 2.83396 0 15.3674
258 0.744483 0.00248898 150 66 116 1 1 3.80282 2.7975 0.0652496 12.9791
259 0.748078 0.00248898 147 60 136 1 0 4.74334 3.44836 0.0455922 16.8813
260 0.766884 0.00248898 156 50 150 1 0 6.02087 4.45868 0.0244649 20.8119
261 0.787625 0.00248898 157 41 170 1 0 6.73549 5.09107 0.0101677 26.3878
262 0.811132 0 172 33 172 0 0 8.14223 6.03923 0.151789 28.4713
263 0.834916 0 179 30 172 0 1 3.32211 2.30946 0.094098 11.2807
264 0.8587 0 187 28 170 0 1 5.67136 3.25618 0.124688 14.6947
265 0.882207 0 218 26 144 0 1 8.45822 4.46908 0.495495 24.7902
266 0.902119 0 232 25 132 0 2 7.55697 3.23734 0.572387 20.8483
267 0.917882 0.00248898 243 19 132 1 2 10.7242 4.09166 0.557363 25.2317
268 0.936135 0.00248898 265 14 120 1 2 14.1662 5.18465 1.56716 32.0167
269 0.952728 0.00248898 277 12 100 1 4 16.6979 5.95539 0.0652539 33.7257
270 0.966556 0.00248898 262 10 82 1 12 18.1406 6.10563 1.82465 37.8796
271 0.977894 0.00248898 252 8 66 1 20 18.368 6.69236 0.125903 41.5552
272 0.987021 0.00248898 237 6 58 1 26 18.9584 6.83256 3.26929 38.726
273 0.995041 0.00248898 227 3 54 1 32 20.1264 7.214 1.58112 41.3751
274 0.997523 0.00247661 217 2 50 1 36 20.4224 7.33771 2.63598 48.076
275 0.99754 0.00245969 200 1 48 1 43 21.9901 8.47583 4.0325 50.3082
276 0.997556 0.00244366 187 1 36 1 51 20.8427 7.81876 5.50547 42.0184
277 1 0 191 1 26 0 54 20.7109 7.67783 5.68756 41.0655
278 1 0 177 1 20 0 62 22.796 8.56826 5.37602 59.8826
279 1 0 150 0 16 0 70 20.5986 7.4933 3.25656 43.439
280 1 0 141 0 14 0 74 20.7232 7.75489 3.27875 46.1582
281 1 0 124 0 10 0 79 20.637 8.89045 2.6985 55.284
282 1 0 122 0 6 0 82 19.1954 8.90285 3.02998 44.3738
283 1 0 111 0 4 0 87 19.4254 9.07299 3.45694 54.3734
284 1 0 102 0 2 0 91 20.1436 9.38108 2.92106 48.5862
285 1 0 98 0 2 0 93 20.6224 8.35227 3.22522 38.6967
286 1 0 96 0 2 0 94 20.0051 8.01864 5.20716 44.5425
287 1 0 94 0 2 0 95 19.7319 8.44511 3.84095 45.7329
288 1 0 90 0 0 0 97 20.1696 8.20762 7.2596 50.3669
289 1 0 87 0 0 0 98 16.9252 7.34459 4.99584 40.3133
290 1 0 87 0 0 0 98 16.8341 6.94554 6.70325 40.3945
291 1 0 85 0 0 0 99 17.3963 7.13743 6.15289 35.3789
292 1 0 83 0 0 0 101 17.3606 6.93318 4.97321 38.9678
293 1 0 83 0 0 0 101 17.295 6.88218 4.97249 38.9496
294 1 0 83 0 0 0 101 17.1017 6.48375 4.97177 35.6757
295 1 0 82 0 0 0 102 16.9287 6.29662 4.97423 35.5762
296 1 0 78 0 0 0 104 16.243 6.89795 5.73953 36.2054
297 1 0 76 0 0 0 105 17.2359 7.09296 3.87462 36.6219
298 1 0 72 0 0 0 107 18.345 7.05739 1.74522 35.8328
299 1 0 69 1 0 0 109 17.8286 6.89206 3.83049 35.6677
300 1 0 69 1 0 0 109 17.465 6.94758 3.57106 36.8984
301 1 0 69 1 0 0 109 18.0799 9.3119 3.33764 70.5359
302 1 0 68 1 0 0 110 16.206 7.38579 1.80854 39.2798
303 1 0 68 1 0 0 110 15.9697 7.49847 1.7877 39.2033
304 1 0 64 2 0 0 112 15.9375 7.20063 0.863221 33.3248
305 1 0 64 2 0 0 112 16.0154 7.19703 0.869491 33.1566
306 1 0 64 2 0 0 111 16.0351 7.21933 0.726135 33.926
307 1 0 63 3 0 0 111 16.1431 7.26493 4.51509 35.2428
308 1 0 63 2 2 0 111 17.3177 10.3914 4.44599 37.1366
309 1 0 63 2 2 0 110 16.3814 7.24055 3.85935 38.1146
310 1 0 61 2 2 0 111 14.7613 7.57366 0.264665 33.6964
311 1 0 60 2 2 0 112 14.8308 7.17029 0.257272 29.2557
312 0.9967 0 60 2 2 0 110 13.3483 6.70573 0.152889 27.3545
313 0.902395 0 60 1 4 0 102 10.5943 6.14841 0.317497 27.5985
314 0.830768 0 57 4 4 0 94 8.46479 5.33281 0.359337 26.8267
315 0.764118 0 56 5 4 0 88 4.71735 3.24988 0.0215029 16.2415
316 0.717381 0 55 5 6 0 82 2.8807 2.65498 0.0207092 12.0573
317 0.678387 0 53 9 4 0 78 2.15634 2.25216 0.075112 9.85063
318 0.626671 0 50 12 4 0 71 1.49239 1.76546 0.00705723 8.10707
319 0.565 0 46 16 4 0 63 1.0914 1.49337 0.026278 7.51549
320 0.550619 0 44 18 4 0 60 0.893047 1.31086 0.0194743 6.94877
321 0.501392 0 39 23 4 0 52 0.563069 0.733197 0 3.02232
322 0.419809 0 40 24 2 0 44 0.30638 0.478027 0 1.98821
323 0.392706 0 38 23 8 0 40 0.218573 0.377441 0 1.60629
324 0.341544 0 36 24 10 0 35 0.14247 0.27589 0 1.26716
325 0.327993 0 34 27 10 0 32 0.0889087 0.175098 0 1.08088
326 0.297019 0 33 24 18 0 27 0.0673902 0.140087 0 0.907531
327 0.272129 0 32 22 24 0 23 0.0563956 0.123655 0 0.765139
328 0.265492 0 28 22 32 0 21 0.0552907 0.121484 0 0.744151
329 0.264939 0 27 21 36 0 20 0.168252 0.403463 0 1.56873
330 0.264939 0 24 19 46 0 19 0.149051 0.314123 0 1.16971
331 0.256365 0 22 20 48 0 17 0.132338 0.265185 0 0.926433
332 0.255536 0 27 19 46 0 16 0.142054 0.247072 0 0.853124
333 0.261896 0 28 18 48 0 16 0.123293 0.219577 0 0.815064
334 0.263556 0 22 22 54 0 15 0.139176 0.214298 0 0.760876
335 0.266045 0 27 24 48 0 13 0.130628 0.193401 0 0.730628
336 0.272682 0 32 24 44 0 13 0.130919 0.206328 0 0.869771
337 0.278766 0 38 22 44 0 13 0.125388 0.161592 0 0.578109
338 0.282361 0 41 22 42 0 12 0.130939 0.180036 0 0.838489
339 0.278213 0 49 21 38 0 10 0.177234 0.344136 0 1.73319
340 0.27849 0 46 24 40 0 9 0.210261 0.440948 0 2.14572
341 0.274065 0 48 25 38 0 7 0.179867 0.364521 0 1.93302
342 0.274341 0 47 29 36 0 5 0.179484 0.343081 0 2.19233
343 0.279319 0 51 25 44 0 5 0.263673 0.698117 0 4.80269
344 0.285404 0 48 27 48 0 5 0.223077 0.592824 0 3.83639
345 0.289552 0 46 30 48 0 4 0.180485 0.438059 0 2.53747
346 0.296189 0 53 29 44 0 4 0.176039 0.386859 8.79301e-06 2.16529
347 0.294806 0 51 32 44 0 2 0.162683 0.372304 5.05546e-07 2.12693
348 0.300891 0 52 35 42 0 2 0.221085 0.473677 2.21969e-05 2.58406
349 0.306698 0 53 33 48 0 2 0.230917 0.513288 4.87026e-06 2.22665
350 0.313336 0 48 38 50 0 2 0.236709 0.566949 1.03209e-06 2.59018
351 0.320249 0 48 35 58 0 2 0.397024 1.05634 2.11032e-07 5.88103
352 0.328269 0 62 33 50 0 2 0.409272 0.871705 4.58764e-08 4.59693
353 0.330205 0 63 33 54 0 1 0.352519 0.683976 9.53106e-09 3.50912
354 0.335183 0 61 33 60 0 0 0.340564 0.581732 1.8093e-09 2.80437
355 0.34348 0 57 40 58 0 0 0.334337 0.497345 3.54081e-10 2.34956
356 0.3515 0 55 40 64 0 0 0.348004 0.497585 7.55948e-11 2.04701
357 0.36035 0 54 40 70 0 0 0.310813 0.497833 1.52877e-11 2.52468
358 0.370029 0 61 40 66 0 0 0.341822 0.578924 3.08123e-12 3.31121
359 0.379155 0 60 38 76 0 0 0.319504 0.487362 1.84271e-06 2.81118
360 0.389664 0 66 40 70 0 0 0.281331 0.433015 5.26472e-07 2.37491
361 0.399344 0 67 45 66 0 0 0.296119 0.472865 1.45712e-07 1.911
362 0.40847 0 70 47 66 0 0 0.360512 0.564825 4.23318e-08 2.78447
363 0.417596 0 70 51 66 0 0 0.392888 0.610286 1.20865e-08 2.34788
364 0.426723 0 65 50 80 0 0 0.458836 0.633496 0.00226593 2.55426
365 0.437785 0 67 52 80 0 0 0.638225 0.843215 0.0010816 4.58163
366 0.448847 0 75 49 80 0 0 0.712697 0.891078 0.000628064 4.33328
367 0.459909 0 75 52 80 0 0 0.739969 1.06945 0.0008949 7.13195
368 0.470971 0 84 52 76 0 0 0.72048 0.965105 0.000711993 6.19248
369 0.48148 0 83 53 80 0 0 0.649657 0.809279 0.000567059 4.14692
370 0.492542 0 83 50 90 0 0 0.665143 0.90401 0.000402814 4.40403
371 0.504987 0 91 45 94 0 0 0.719861 1.00737 0.000382059 4.78658
372 0.517985 0 88 48 102 0 0 0.70806 1.13547 0.000899602 5.31118
373 0.53209 0 100 45 100 0 0 0.857365 1.18085 0.00170909 4.98571
374 0.545917 0 103 44 104 0 0 0.931142 1.07877 0.00217974 6.16826
375 0.560298 0 102 53 98 0 0 1.00853 1.24848 0.00291886 6.30728
376 0.573849 0 104 51 104 0 0 1.26664 1.7552 9.96255e-05 8.86639
377 0.58823 0 109 51 104 0 0 1.31395 1.60741 0.00997735 7.01321
378 0.602611 0 113 50 106 0 0 1.59844 2.05632 0.0210589 14.5331
379 0.617268 0 121 52 100 0 0 1.7672 1.9784 0.0181481 11.2131
380 0.631096 0 132 53 90 0 0 2.06305 2.44012 0.0294345 11.2073
381 0.643541 0 144 46 96 0 0 2.59979 2.80488 0.0230045 11.6507
382 0.656815 0 150 50 90 0 0 2.65033 2.81011 0.030251 12.7568
383 0.66926 0 155 52 88 0 0 2.89408 2.92919 0.0221447 15.507
384 0.681429 0 155 45 106 0 0 3.23145 3.00705 0.0181711 15.6967
385 0.696086 0 162 46 102 0 0 3.20207 3.1018 0.0665659 17.4909
386 0.71019 0 167 46 102 0 0 3.65926 3.22812 0.0294435 15.3563
387 0.724295 0 172 47 100 0 0 3.95472 3.45687 0.114951 16.015
388 0.735633 0.00248898 174 46 104 1 0 4.37618 3.72637 0.0202122 20.9559
389 0.750014 0.00248898 175 46 106 1 0 4.24439 3.51333 0.0993799 19.7619
390 0.764671 0.00248898 192 47 92 1 0 4.77668 3.61797 0.0740725 19.8135
391 0.777393 0.00248898 198 41 100 1 0 5.72624 4.07004 0.100842 20.7035
392 0.791221 0.00248898 207 35 104 1 0 6.67684 4.3545 0.246403 19.7804
393 0.805601 0.00248898 227 33 90 1 0 6.87945 4.25993 0.326585 18.5634
394 0.818046 0.00248898 233 30 92 1 0 7.5901 4.39385 0.0763154 19.8462
395 0.828279 0.00497797 239 28 92 2 0 8.47393 4.44858 0.168723 22.5756
396 0.841 0.00497797 243 27 94 2 0 9.27173 4.6682 0.0608368 21.594
397 0.853998 0.00497797 254 23 92 2 0 9.99584 5.08871 0.680282 24.4658
398 0.86672 0.00248898 251 22 92 1 1 5.93199 3.03274 0.166162 15.4098
399 0.879441 0.00248898 259 17 94 1 1 7.72727 3.66174 0.273854 18.5789
400 0.892439 0.00248898 272 18 82 1 1 9.3872 4.26991 0.360931 20.1626
401 0.903778 0.00248898 282 21 70 1 1 10.879 4.79799 0.409401 23.0167
402 0.913457 0.00248898 289 20 66 1 1 12.0335 4.93082 1.72593 27.6965
403 0.920095 0.00497797 296 18 60 2 2 11.2172 4.64593 0.367525 26.585
404 0.928391 0.00497797 305 16 56 2 2 12.8127 5.20376 2.10559 28.0508
405 0.936135 0.00248898 302 13 52 1 4 12.2194 4.50864 2.94097 29.9224
406 0.943325 0.00248898 311 13 44 1 4 13.7006 5.27084 0.663104 33.9229
407 0.949409 0.00248898 312 10 44 1 5 14.8176 5.86866 1.46754 34.4422
408 0.955494 0.00248898 310 11 34 1 8 15.6577 5.9292 2.20586 35.8129
409 0.957706 0.00497797 289 9 36 2 15 16.0877 5.85166 0.93379 36.5909
410 0.962684 0.00497797 282 5 42 2 17 16.9069 6.21558 1.3571 35.4928
411 0.968492 0.00497797 274 3 40 2 20 17.5448 6.29203 3.65467 38.7466
412 0.971534 0.00746695 242 2 36 3 27 16.9554 6.14069 3.84685 34.5282
413 0.976512 0.00497797 241 1 32 2 29 17.5808 6.1567 3.53413 39.4637
414 0.978447 0.00746695 212 1 26 3 37 16.0448 6.43654 2.56756 34.002
415 0.982043 0.00746695 202 1 24 3 40 16.5735 6.16826 4.01628 34.4775
416 0.985361 0.00746695 204 1 18 3 41 16.1649 5.83881 1.36786 31.9007
417 0.98785 0.00746695 192 2 18 3 44 17.6491 6.58481 0.900655 35.5712
418 0.990339 0.00746695 193 1 14 3 46 17.6381 6.78971 1.09747 38.575
419 0.992275 0.00497797 183 1 6 2 52 17.8195 6.70693 0.870145 36.3234
420 0.993105 0.00497797 181 1 4 2 53 17.7769 6.64216 3.5125 39.7728
421 0.993658 0.00497797 174 1 4 2 55 17.5706 6.64341 2.20375 40.4693
422 0.994211 0.00248898 157 1 2 1 61 15.2428 6.82477 2.64945 35.1681
423 0.994488 0.00248898 154 1 2 1 62 15.1271 6.7284 0.825739 35.7682
424 0.994764 0 153 2 2 0 62 15.0807 6.53845 2.15125 33.6678
425 0.995041 0 150 2 2 0 63 13.9415 6.29431 1.73208 34.9249
426 0.995317 0 148 1 4 0 64 13.82 5.68774 2.24933 30.8096
427 0.99587 0 150 1 2 0 64 13.899 5.68017 2.49392 30.8199
428 0.996147 0 149 2 2 0 64 13.8867 5.70392 2.70569 31.0164
429 0.996423 0 146 2 2 0 65 14.1016 5.53956 2.30565 29.4525
430 0.9967 0 146 2 2 0 65 14.164 5.54848 2.40979 28.9509
431 0.996977 0 145 2 2 0 66 14.1671 5.55184 3.01211 26.6493
432 0.997253 0 140 2 2 0 67 14.1184 5.38841 1.73819 25.7999
433 0.99753 0 139 2 4 0 67 14.2032 5.4388 1.62791 25.8622
434 0.998083 0 139 2 4 0 67 14.2636 5.46872 1.48787 25.7811
435 0.998636 0 141 2 2 0 67 14.4015 5.49733 1.36255 25.951
436 0.998912 0 141 2 2 0 67 14.4883 5.56288 1.31425 26.1078
437 0.999189 0 141 1 4 0 67 14.6874 5.65333 1.2965 31.2843
438 0.999742 0 141 1 4 0 67 14.8277 5.74244 1.14898 32.1135
439 1 0 141 1 4 0 67 15.0032 5.81593 0.654113 31.5811
440 1 0 139 1 4 0 68 14.6024 5.37379 1.48818 27.911
441 0.983979 0 138 1 4 0 68 12.9327 5.56256 0.876065 33.3721
442 0.984532 0 139 1 4 0 68 12.9897 5.47109 0.762488 25.0344
443 0.985085 0 139 1 4 0 68 13.0123 5.45622 0.672633 24.611
444 0.985638 0 139 1 4 0 68 13.1695 5.4614 0.754231 24.7359
445 0.986191 0 139 1 4 0 68 13.1257 5.46679 0.786648 25.1577
446 0.981766 0 141 1 2 0 67 13.2985 5.85592 1.25337 32.8176
447 0.982043 0 141 1 2 0 67 13.265 5.74143 1.11162 31.3877
448 0.949962 0 141 1 2 0 65 12.7097 5.82968 0.307476 30.3019
449 0.950239 0 140 2 2 0 65 12.382 5.70347 0.0819621 28.6556
450 0.938071 0 139 3 2 0 64 11.8016 5.5418 0.0537398 27.6419
451 0.910968 0 141 2 2 0 61 10.7269 5.17108 0.0475544 25.1334
452 0.853998 0 140 3 2 0 54 8.72086 4.52284 0.342539 22.035
453 0.831874 0 140 3 2 0 52 7.26792 4.13301 0.286404 18.7019
454 0.799794 0 139 4 2 0 49 5.72801 3.44101 0.145184 14.8818
455 0.710467 0 135 8 2 0 42 3.74924 2.65169 0.158708 13.1809
456 0.69332 0 134 9 2 0 40 2.76826 2.14577 0.0207808 10.4744
457 0.608972 0 129 14 2 0 32 1.60372 1.37036 0.0296594 6.39387
458 0.57938 0 129 13 4 0 29 0.996221 0.811584 0 3.78761
459 0.567488 0.00248898 125 15 6 1 28 0.725052 0.578925 0 2.69347
460 0.540939 0.00248898 113 29 4 1 25 0.538478 0.459295 0 2.57718
461 0.529048 0.00248898 99 42 6 1 23 0.357264 0.295955 0.00961839 1.46284
462 0.485075 0.00248898 95 46 6 1 17 0.231022 0.208337 0.00706146 0.99867
463 0.475949 0.00248898 81 59 8 1 16 0.184739 0.176972 0.00425333 0.70795
464 0.459632 0.00248898 75 61 16 1 14 0.239517 0.374441 0.00325522 3.46078
465 0.414554 0.00248898 74 61 18 1 8 0.198809 0.262464 0.00301665 1.64382
466 0.409576 0.00248898 70 60 28 1 7 0.227681 0.431299 0.00290631 3.55466
467 0.413448 0.00248898 69 63 26 1 7 0.192575 0.318535 0.0024626 2.1267
468 0.409576 0.00248898 67 64 30 1 6 0.197781 0.313824 0.00211969 1.74923
469 0.408747 0 61 56 58 0 5 0.327278 0.490383 0.00121025 2.7791
470 0.416767 0 52 53 84 0 5 0.420055 0.630896 0.000401404 3.137
471 0.428382 0 51 50 92 0 5 0.401669 0.572581 0.000461714 2.63882
472 0.433636 0 49 40 118 0 4 0.585616 0.659429 0.000798845 2.82474
473 0.449953 0 52 39 122 0 4 0.666086 0.701355 0.000807476 3.45197
474 0.464334 0 53 39 122 0 3 0.70784 0.760327 0.00081305 3.88841
475 0.468759 0 58 40 120 0 2 0.978009 0.992664 0.000817476 4.15821
476 0.485352 0 54 41 126 0 2 0.938377 0.98857 0.000821615 5.19709
477 0.502775 0 56 41 128 0 2 1.05791 1.29949 0.000825654 6.86469
478 0.520474 0 80 39 112 0 2 1.04802 1.15808 0.000829696 5.64501
479 0.535961 0 101 35 106 0 2 1.23358 1.37097 0.0235104 6.51523
480 0.550619 0 105 38 100 0 2 1.13834 1.25314 0.00847721 5.99675
481 0.564446 0 127 40 80 0 2 1.0603 1.27528 0.00305416 7.20516
482 0.575509 0 129 45 78 0 2 1.00786 1.28107 0.000625481 7.71721
483 0.581316 0 124 51 78 0 1 0.954908 1.29122 0.0013203 6.92401
484 0.589613 0 124 54 80 0 0 0.940781 1.1744 0.0114843 5.87532
485 0.600675 0 126 54 82 0 0 0.975789 1.20946 0.00622369 5.64126
486 0.612014 0 125 59 82 0 0 1.15459 1.40818 0.012086 6.75992
487 0.623352 0 125 67 78 0 0 1.27999 1.53922 0.00841325 7.303
488 0.634138 0 136 71 70 0 0 1.39618 1.52129 0.0200778 7.2038
489 0.643817 0 134 71 76 0 0 1.31449 1.39811 0.00862763 8.03731
490 0.654326 0 138 69 80 0 0 1.54913 1.51286 0.0121828 7.53326
491 0.6629 0.00248898 140 66 90 1 0 1.88937 1.75858 0.0123434 8.5167
492 0.675344 0.00248898 135 66 102 1 0 1.90202 1.86981 0.0150887 9.99873
493 0.689449 0.00248898 134 69 108 1 0 2.08978 2.05598 0.0117488 10.2034
494 0.704383 0.00248898 138 69 108 1 0 2.2349 2.27195 0.00713504 11.3066
495 0.719317 0.00248898 139 67 118 1 0 2.45574 2.59469 0.00810602 13.1771
496 0.735633 0.00248898 145 57 134 1 0 2.95843 2.89468 0.0140009 14.924
497 0.754162 0.00248898 155 50 142 1 0 3.76088 3.43174 0.00683691 16.6317
498 0.771309 0.00497797 153 55 142 2 0 4.4223 3.53033 0.00320497 18.9616
499 0.790944 0.00497797 163 53 138 2 0 5.3629 3.85901 0.000299641 19.653
500 0.810026 0.00497797 179 50 132 2 0 7.03221 4.84718 0.0112982 24.2069
501 0.828279 0.00248898 192 44 132 1 0 7.73924 4.69452 0.211086 22.3246
502 0.846531 0.00248898 206 35 138 1 0 8.95597 4.77644 0.314569 21.1819
503 0.865614 0.00248898 212 33 138 1 0 10.6001 5.67161 0.340236 27.9087
504 0.884696 0.00248898 226 27 134 1 1 6.5194 2.93749 0.0954869 14.387
505 0.903225 0.00248898 248 27 114 1 1 9.57039 4.05011 0.473277 20.5112
506 0.918988 0.00248898 269 24 100 1 1 12.4818 5.11508 0.52298 26.752
507 0.932816 0.00248898 275 17 110 1 1 15.2117 5.96512 0.363857 32.5661
508 0.945538 0.00248898 270 16 106 1 3 15.578 5.53161 3.00643 37.4827
509 0.960195 0.00248898 256 12 100 1 10 16.4405 5.57323 4.2638 33.4283
510 0.974023 0.00248898 252 8 88 1 15 18.8654 6.65523 5.12929 39.2353
511 0.986191 0.00248898 222 5 70 1 27 18.3506 7.1037 3.95509 40.9545
512 0.99587 0.00248898 208 2 64 1 34 19.586 6.96572 6.02538 40.3629
513 0.997529 0.00247117 201 1 52 1 39 20.9213 7.28803 5.51503 63.3981
514 0.995093 0.00490731 177 0 50 2 46 21.7824 7.46157 6.69327 44.7857
515 0.995126 0.00487409 169 0 42 2 50 21.5806 7.75878 6.05883 45.9296
516 0.995153 0.00484653 155 0 24 2 63 20.7867 7.73317 5.57225 46.1697
517 0.995169 0.00483092 150 0 20 2 66 21.5295 8.02957 4.70034 44.2289
518 0.997585 0.00241481 150 0 12 1 70 21.4991 8.51767 2.86814 46.0197
519 0.997589 0.00241093 138 1 10 1 75 22.3183 8.12115 1.99984 47.6459
520 0.997592 0.0024077 126 1 6 1 83 20.5009 8.51581 0.451234 41.2034
521 0.997594 0.00240577 125 1 4 1 84 20.0421 8.30827 4.1043 42.1432
522 0.997596 0.00240449 119 0 2 1 87 19.3341 8.47746 3.47155 38.522
523 0.995192 0.00480769 113 0 0 2 91 19.7409 8.50003 4.93798 38.2881
524 0.99759 0.00240964 108 0 0 1 93 18.7785 7.37236 3.53126 36.0093
525 0.99759 0.00240964 104 0 0 1 95 18.3396 7.33722 2.89274 36.3888
526 0.99759 0.00240964 99 0 0 1 97 17.9351 7.56864 3.05605 34.3436
527 0.99759 0.00240964 97 0 0 1 98 17.9641 6.85752 3.46358 36.7417
528 0.99759 0.00240964 88 0 0 1 102 18.5551 8.55423 1.77644 39.2066
529 0.99759 0.00240964 77 0 0 1 107 17.3374 7.76307 0.928951 40.8233
530 0.99759 0.00240964 72 0 0 1 109 17.7732 7.53011 2.83363 39.6125
531 0.99759 0.00240964 71 0 0 1 110 17.596 7.47517 3.90507 39.09
532 0.99759 0.00240964 69 0 0 1 112 17.0635 7.1384 6.52922 38.8882
533 1 0 69 0 0 0 112 16.3816 6.69917 3.99181 37.9121
534 1 0 68 0 0 0 113 16.2889 6.94733 5.39979 38.3235
535 1 0 68 0 0 0 113 16.3117 7.18979 5.28234 39.0168
536 1 0 67 0 0 0 114 16.094 7.09615 4.0672 41.9663
537 1 0 67 0 0 0 114 16.0438 7.1115 4.00024 42.1155
538 1 0 64 0 0 0 116 15.7896 7.04102 3.25778 39.1254
539 1 0 63 0 0 0 117 15.4431 7.51761 1.70987 38.5817
540 1 0 62 0 0 0 118 15.2544 7.33525 1.89249 38.539
541 1 0 61 0 0 0 119 14.8802 6.76103 1.8908 36.2077
542 1 0 60 0 0 0 120 14.5257 6.22518 1.89035 34.0695
543 1 0 59 0 0 0 121 14.1113 5.48401 1.89 28.1744
544 1 0 57 2 0 0 121 14.2125 5.78292 3.50821 34.0683
545 1 0 57 2 0 0 121 14.1043 5.47631 3.50762 28.0407
546 1 0 57 2 0 0 121 14.2073 5.77538 3.50823 33.9121
547 1 0 57 2 0 0 120 14.033 5.80311 3.98953 33.823
548 1 0 57 2 0 0 120 14.0437 5.92872 2.83591 33.507
549 1 0 57 2 0 0 120 13.6199 6.02439 3.03577 33.5818
550 1 0 57 2 0 0 120 13.2103 5.82328 4.99956 32.8763
551 0.995594 0 56 2 0 0 119 12.6218 5.18341 1.762 26.0957
552 0.925902 0 56 2 0 0 112 10.9188 4.95589 1.63558 23.7735
553 0.873634 0 56 0 4 0 107 9.871 4.61167 0.678409 22.2576
554 0.742271 0 56 0 4 0 95 5.59999 3.42821 0.180427 14.8369
555 0.683088 0 56 0 4 0 88 3.83817 2.64964 0.0852635 11.0525
556 0.631372 0 54 2 4 0 83 2.41152 2.04014 0.0517422 8.44293
557 0.564723 0 51 5 4 0 76 1.201 1.31294 0.0167386 7.02003
558 0.525452 0 49 7 4 0 72 0.688521 0.664707 0.0137205 2.22101
559 0.446358 0 41 15 4 0 59 0.379023 0.460359 0.0114491 2.57124
560 0.42451 0 37 19 4 0 56 0.244301 0.366757 0.0141885 2.24457
561 0.405151 0 34 22 4 0 52 0.200693 0.334705 0.0123876 1.94519
562 0.373348 0 36 24 0 0 47 0.13659 0.207972 0.00784662 1.0365
563 0.333524 0 35 25 0 0 39 0.0708747 0.0851505 0.00189354 0.393458
564 0.326057 0 31 29 0 0 38 0.0485349 0.0549744 0.000236119 0.210598
565 0.303656 0 28 30 4 0 35 0.060515 0.108561 1.99762e-05 0.569909
566 0.286786 0 28 27 10 0 31 0.0731598 0.144013 0 0.518198
567 0.275724 0 25 28 14 0 29 0.0657023 0.111434 0 0.428744
568 0.267704 0 23 22 30 0 27 0.0925962 0.208362 0 1.30731
569 0.259408 0 20 21 38 0 25 0.130401 0.250592 0 1.08726
570 0.259684 0 20 18 44 0 24 0.158674 0.24672 0 1.04311
571 0.243367 0 19 17 48 0 20 0.157673 0.25948 0 1.13129
572 0.222626 0 18 17 50 0 15 0.12136 0.201352 0 0.851959
573 0.217095 0 16 15 58 0 13 0.110299 0.25331 0 1.20057
574 0.222626 0 20 12 60 0 12 0.120125 0.232563 0 1.05641
575 0.225944 0 24 14 54 0 10 0.106341 0.20273 1.65161e-12 1.05986
576 0.233411 0 26 13 56 0 10 0.101279 0.180446 3.43979e-13 0.942161
577 0.238666 0 40 13 44 0 9 0.138758 0.217378 5.57995e-14 1.08796
578 0.24475 0 44 14 42 0 9 0.146614 0.20947 5.57995e-14 1.14833
579 0.248069 0 45 19 36 0 8 0.119524 0.147486 5.57995e-14 0.612141
580 0.253047 0 43 24 34 0 8 0.0995856 0.143182 5.57995e-14 0.559415
581 0.250281 0 39 29 34 0 6 0.0935602 0.140873 5.57995e-14 0.551953
582 0.252494 0 42 32 30 0 5 0.123333 0.242266 5.57995e-14 0.533687
583 0.254153 0 45 35 24 0 4 0.113283 0.196073 5.57995e-14 0.553993
584 0.254983 0 44 34 28 0 3 0.0886167 0.186701 3.33034e-14 0.461884
585 0.256365 0 47 35 26 0 2 0.0786011 0.144376 3.33034e-14 0.447759
586 0.257472 0 46 38 26 0 1 0.0779973 0.142391 3.33034e-14 0.572025
587 0.261067 0 47 39 28 0 1 0.0855942 0.167454 3.33034e-14 0.781948
588 0.264939 0 45 36 38 0 1 0.122269 0.216711 3.33034e-14 0.930325
589 0.270193 0 42 35 48 0 1 0.100893 0.133958 3.33034e-14 0.541579
590 0.27683 0 40 33 58 0 1 0.132108 0.162789 3.33034e-14 0.582359
591 0.28485 0 42 30 64 0 1 0.198857 0.294944 0.000395918 1.21352
592 0.2937 0 35 34 70 0 1 0.260619 0.398216 0.000414777 1.42081
593 0.30338 0 38 34 68 0 1 0.304959 0.521618 0.000433054 2.67658
594 0.310293 0 40 33 70 0 0 0.419825 0.728647 0.00108427 4.18329
595 0.319973 0 40 32 76 0 0 0.412894 0.653672 0.00046574 3.23035
596 0.330482 0 46 29 78 0 0 0.487684 0.670187 0.000102958 2.5094
597 0.341267 0 51 32 72 0 0 0.398178 0.520602 2.13454e-05 1.99675
598 0.351223 0 59 31 70 0 0 0.451394 0.528366 4.66691e-06 2.03658
599 0.360903 0 70 28 66 0 0 0.469771 0.550888 9.44228e-07 1.96336
600 0.370029 0 77 29 60 0 0 0.502935 0.727698 2.04196e-07 4.21118
601 0.378326 0 77 28 68 0 0 0.50768 0.594629 0.000105641 3.36208
602 0.387728 0 78 28 68 0 0 0.448648 0.560653 2.35489e-05 2.68413
603 0.397131 0 78 32 66 0 0 0.507245 0.599718 4.88366e-06 2.53511
604 0.406258 0 81 35 64 0 0 0.571983 0.621015 9.7253e-07 2.64426
605 0.415107 0 83 41 58 0 0 0.684206 0.829688 2.03439e-07 3.99639
606 0.423127 0 82 41 64 0 0 0.608329 0.683353 4.42925e-08 3.74282
607 0.431977 0 89 40 62 0 0 0.57763 0.656894 8.62239e-09 3.80137
608 0.44055 0 89 47 56 0 0 0.621792 0.694355 1.72514e-09 3.1195
609 0.448294 0 87 50 58 0 0 0.694374 0.862743 3.51921e-10 3.16843
610 0.456314 0 93 52 56 0 0 0.876685 1.14897 7.48662e-11 4.93701
611 0.461568 0.00248898 90 55 56 1 0 0.953454 1.16548 1.6115e-11 5.35736
612 0.469312 0.00248898 84 59 64 1 0 1.17976 1.38541 3.48451e-12 5.78498
613 0.478162 0.00248898 88 56 70 1 0 1.4442 1.79696 8.62341e-13 7.96887
614 0.487841 0.00248898 90 50 82 1 0 1.75717 2.01656 4.70332e-13 7.62566
615 0.49918 0.00248898 97 48 82 1 0 1.61042 1.63503 3.82923e-13 6.22069
616 0.510518 0.00248898 99 51 80 1 0 2.06625 2.43352 3.39653e-13 11.0455
617 0.521581 0.00248898 97 47 94 1 0 2.51372 2.66332 3.39653e-13 12.0438
618 0.534579 0.00248898 100 44 100 1 0 2.61141 2.63207 3.39653e-13 13.0592
619 0.548406 0.00248898 108 40 104 1 0 2.66081 2.84306 3.39653e-13 13.1832
620 0.560298 0.00497797 105 40 110 2 0 2.51853 2.53653 0.0169609 11.1809
621 0.575509 0.00248898 115 32 118 1 0 2.54327 2.32501 0.00259327 11.5801
622 0.591825 0.00248898 125 32 112 1 0 2.54913 2.07216 0.0163516 10.7351
623 0.607312 0.00248898 137 34 100 1 0 3.01987 2.63194 0.0206418 13.0983
624 0.62114 0.00248898 147 31 96 1 0 3.20463 2.75331 0.00378181 12.9169
625 0.634415 0.00248898 149 29 102 1 0 3.66039 3.42414 0.00683345 15.3804
626 0.648519 0.00248898 160 30 94 1 0 3.86261 3.56026 0.0142143 18.2616
627 0.661517 0.00248898 171 28 88 1 0 3.95591 3.55933 0.0126771 20.6879
628 0.671196 0.00497797 182 28 80 2 0 3.99277 3.57476 0.0128527 16.3699
629 0.682258 0.00497797 179 35 80 2 0 3.93477 3.44261 0.0130118 17.2306
630 0.69332 0.00248898 192 40 64 1 0 4.04226 3.59267 0.0128331 19.7784
631 0.70217 0.00248898 193 43 64 1 0 4.02172 3.42759 0.0128271 18.7004
632 0.71102 0.00248898 192 44 68 1 0 4.12155 3.55271 0.0135515 18.1052
633 0.720423 0.00248898 195 47 62 1 0 3.91046 3.2969 0.0499719 18.0874
634 0.728996 0.00248898 199 51 58 1 0 3.9365 3.36993 0.0455821 17.6552
635 0.737016 0.00248898 206 47 60 1 0 3.97905 3.3593 0.0381379 18.222
636 0.745313 0.00248898 206 52 56 1 0 3.84232 3.28215 0.0192526 17.5298
637 0.753056 0.00248898 210 52 56 1 0 4.24813 3.49985 0.0279172 20.837
638 0.7608 0 212 47 70 0 0 4.42542 3.41244 0.0889178 19.6929
639 0.770479 0 211 45 80 0 0 4.47873 3.24994 0.033422 19.3203
640 0.781541 0 216 41 86 0 0 4.37782 3.12443 0.0291726 16.902
641 0.793433 0 220 40 88 0 0 4.70619 3.41616 0.0352246 17.6418
642 0.805601 0 213 44 94 0 0 4.93848 3.36224 0.0295557 15.6518
643 0.818599 0 214 43 102 0 0 5.72361 3.50856 0.0717729 17.2533
644 0.832704 0 222 44 94 0 0 6.19146 3.80609 0.0728867 21.9355
645 0.845702 0 219 43 104 0 0 7.28355 4.22027 0.149433 18.8804
646 0.860082 0 225 41 104 0 0 7.98063 4.28234 0.365742 19.3932
647 0.874463 0 244 38 94 0 0 8.81747 4.39249 0.249674 21.7939
648 0.887461 0 258 33 90 0 0 10.0155 4.95621 0.664417 25.444
649 0.899906 0 271 31 82 0 0 10.9366 5.187 1.16915 30.8604
650 0.911245 0 280 28 80 0 0 12.5985 5.81712 0.571606 35.714
651 0.922307 0 274 20 88 0 2 10.8109 4.36665 1.1203 26.1397
652 0.934475 0 290 14 84 0 2 13.6338 5.4835 1.28811 32.1807
653 0.943602 0.00248898 280 11 86 1 4 13.9363 5.35086 1.27645 29.3002
654 0.955494 0.00248898 276 7 84 1 7 15.438 5.79126 1.88828 40.345
655 0.967109 0.00248898 272 6 78 1 10 16.5704 6.0139 1.08391 34.6616
656 0.977894 0.00248898 274 4 72 1 12 18.8503 6.93365 3.65966 40.4174
657 0.98785 0.00248898 269 4 62 1 15 20.5481 7.47694 3.23595 45.1725
658 0.996423 0.00248898 250 2 58 1 24 20.2669 6.81654 0.358978 39.997
659 0.997528 0.00247185 223 1 52 1 34 20.8159 7.58622 2.54678 51.1028
660 0.997546 0.00245432 210 1 38 1 42 21.8358 8.0093 4.34456 45.638
661 0.997558 0.00244167 200 2 26 1 48 22.2034 8.49505 4.24946 47.6178
662 0.997567 0.00243309 178 2 22 1 57 23.7631 9.26357 5.30444 46.4901
663 1 0 158 0 12 0 68 20.6732 8.15622 2.41008 40.8567
664 1 0 151 0 10 0 71 20.3887 6.87266 2.58377 36.9058
665 1 0 151 0 4 0 73 20.2692 7.47156 2.21482 41.9775
666 0.995153 0.00484653 136 1 4 2 78 20.9249 8.16478 1.47791 41.5101
667 0.995156 0.00484392 120 1 2 2 85 19.3453 7.21135 1.78309 34.9898
668 0.995157 0.00484262 114 1 0 2 88 19.3454 7.26815 1.26191 34.9531
669 0.995157 0.00484262 104 1 0 2 91 20.2887 7.90213 1.95626 48.76
670 0.995157 0.00484262 94 1 0 2 95 17.4907 7.58834 1.38171 36.3775
671 0.995157 0.00484262 91 2 0 2 96 17.877 7.6969 1.55824 39.7013
672 0.995157 0.00484262 84 2 0 2 99 17.4881 8.73092 0.991098 41.3434
673 0.995157 0.00484262 81 2 0 2 100 17.4589 7.80566 0.914235 37.4347
674 0.995157 0.00484262 81 2 0 2 100 17.7165 7.95608 0.943452 37.7476
675 0.995157 0.00484262 73 1 2 2 103 18.4154 7.47426 1.78197 34.1166
676 1 0 72 1 2 0 104 17.1304 8.20787 2.44369 35.2827
677 1 0 71 1 2 0 105 17.2406 8.10164 1.92983 39.6718
678 1 0 69 1 2 0 107 17.0987 7.54517 3.22815 40.0111
679 1 0 64 1 2 0 110 16.9753 7.93302 2.74708 41.3675
680 1 0 64 0 4 0 110 17.2444 8.10084 2.85844 39.3261
681 1 0 62 0 4 0 112 17.2696 7.83516 4.29208 34.4296
682 1 0 62 0 4 0 112 17.3943 7.79512 4.36577 34.6309
683 1 0 62 0 4 0 112 17.8327 7.86775 4.43432 34.8157
684 1 0 61 0 2 0 113 18.0042 8.74551 1.53872 36.9574
685 1 0 61 0 2 0 113 18.0183 8.75875 1.546 37.073
686 1 0 59 0 2 0 114 16.9788 8.3294 0.0416278 36.8858
687 1 0 59 0 2 0 114 16.6848 8.54129 0.0359732 36.8665
688 1 0 52 0 2 0 117 16.251 7.00873 3.66124 32.0317
689 1 0 48 0 0 0 121 17.7256 6.60724 2.76647 31.9375
690 1 0 46 0 0 0 122 16.8733 6.59148 4.33786 30.9032
691 1 0 46 0 0 0 122 16.5637 6.28458 4.38648 30.8088
692 1 0 46 0 0 0 122 16.3074 6.8549 4.3677 30.9057
693 1 0 46 0 0 0 122 16.3284 6.87838 4.35531 31.1128
694 0.995594 0 46 0 0 0 120 15.1172 6.33485 3.68652 28.0711
695 0.995594 0 46 0 0 0 120 14.7984 6.59991 1.60365 29.3458
696 0.965726 0 46 0 0 0 118 13.7004 6.14853 0.239812 24.9524
697 0.928391 0 46 0 0 0 115 11.8056 6.6671 1.14047 36.8411
698 0.898523 0 46 0 0 0 112 9.68256 5.41436 0.0389353 30.8354
699 0.876123 0 46 0 0 0 110 7.51339 3.57617 0.662031 16.1979
700 0.838788 0 46 0 0 0 107 5.92059 3.286 0.338476 14.8574
701 0.774074 0 46 0 0 0 98 3.49085 2.21876 0.164879 9.89388
702 0.68696 0 44 2 0 0 88 1.73372 1.37506 0.0582608 6.36837
703 0.619757 0 41 5 0 0 80 0.777375 0.668339 0.011747 2.69283
704 0.567488 0 37 9 0 0 74 0.469269 0.466086 0.000491082 1.98161
705 0.502775 0 36 10 0 0 65 0.242379 0.20638 0.000151254 0.744987
706 0.423127 0 36 10 0 0 54 0.115973 0.115667 0.000140848 0.431746
707 0.400727 0 33 13 0 0 51 0.073821 0.074837 0.000132248 0.286342
708 0.385793 0 29 17 0 0 49 0.0510103 0.0558714 0.000106843 0.209236
709 0.355925 0 25 21 0 0 44 0.0369898 0.0422734 1.2229e-05 0.172002
710 0.311123 0 24 22 0 0 37 0.0255828 0.0313805 1.83593e-06 0.10124
711 0.291211 0 19 25 4 0 34 0.0214179 0.0356323 2.09277e-07 0.19217
712 0.266874 0 18 23 10 0 31 0.019805 0.0399119 4.00205e-08 0.0660609
713 0.243367 0 18 19 18 0 27 0.0184561 0.0446812 0 0.0483369
714 0.240878 0 16 20 20 0 26 0.0451113 0.104904 0 0.0998476
715 0.226221 0 16 20 20 0 23 0.0294307 0.0637207 0 0.0437728
716 0.22152 0 15 18 26 0 22 0.0458605 0.0983381 0 0.0753609
717 0.225115 0 14 15 34 0 22 0.0590179 0.150218 0 0.708065
718 0.209904 0 14 11 42 0 19 0.0373695 0.0943166 0 0.423271
719 0.213223 0 11 13 44 0 18 0.0324713 0.0814306 0 0.328445
720 0.216818 0 15 8 50 0 17 0.0553514 0.0980078 0 0.340063
721 0.218754 0 21 7 46 0 15 0.0711627 0.19249 0 1.0092
722 0.21267 0 27 9 38 0 12 0.0596947 0.132348 0 0.598253
723 0.217924 0 26 10 40 0 12 0.0439614 0.0821859 0 0.414816
724 0.218478 0 22 14 40 0 10 0.0370382 0.0695068 0 0.328838
725 0.224009 0 27 14 36 0 10 0.0518461 0.113609 0 0.63674
726 0.228987 0 32 16 30 0 10 0.0433884 0.0755278 0 0.324919
727 0.225668 0 37 19 22 0 9 0.0601215 0.123765 0 0.761295
728 0.22871 0 35 20 26 0 9 0.0444294 0.0736104 0 0.370627
729 0.227327 0 43 22 16 0 8 0.0748888 0.172855 0 1.12902
730 0.22954 0 43 24 14 0 8 0.0561876 0.125964 0 0.827594
731 0.214053 0 38 27 18 0 5 0.0340063 0.0600671 0 0.358019
732 0.201608 0 35 31 20 0 1 0.0298324 0.0457331 0 0.236486
733 0.199395 0 32 30 28 0 0 0.0343082 0.0628536 4.43718e-08 0.410149
734 0.203267 0 31 32 28 0 0 0.0361694 0.070504 6.54628e-09 0.112692
735 0.207139 0 30 32 32 0 0 0.048134 0.0898314 1.26378e-09 0.284644
736 0.211564 0 26 33 38 0 0 0.0507477 0.103936 2.61929e-10 0.584112
737 0.216818 0 28 33 40 0 0 0.0567111 0.119347 5.14069e-11 0.763778
738 0.222349 0 26 33 44 0 0 0.104019 0.321072 9.97502e-12 2.21844
739 0.228433 0 24 33 48 0 0 0.0855103 0.23322 2.04362e-12 1.4408
740 0.235071 0 26 30 54 0 0 0.1057 0.20952 4.79852e-13 1.15482
741 0.242538 0 31 24 62 0 0 0.121481 0.217074 6.35932e-14 1.02044
742 0.251111 0 39 21 60 0 0 0.124622 0.197357 6.35932e-14 1.01565
743 0.259408 0 37 22 64 0 0 0.127866 0.208169 4.19651e-14 0.999945
744 0.268257 0 41 21 64 0 0 0.159457 0.227286 8.59384e-05 1.05521
745 0.277107 0 43 21 66 0 0 0.194216 0.243688 0.000424223 1.08506
746 0.286233 0 48 20 66 0 0 0.240402 0.268041 0.00165764 0.890434
747 0.29536 0 47 23 66 0 0 0.216379 0.211955 0.00172043 0.607267
748 0.304486 0 48 24 66 0 0 0.163232 0.177655 0.00174495 0.664974
749 0.313612 0 55 25 60 0 0 0.210946 0.287839 0.00110096 1.70513
750 0.321909 0 62 31 48 0 0 0.205885 0.275913 0.00185884 1.70392
751 0.328546 0 62 37 42 0 0 0.190157 0.323046 0.0021938 2.47392
752 0.334354 0 61 40 44 0 0 0.210375 0.357472 0.000455589 2.38397
753 0.340438 0 61 44 42 0 0 0.162288 0.227378 9.50568e-05 1.3889
754 0.346245 0 58 51 42 0 0 0.192877 0.265728 1.94871e-05 1.08634
755 0.352053 0 63 51 40 0 0 0.282173 0.483452 3.82415e-06 2.48976
756 0.357584 0 61 52 46 0 0 0.297196 0.63516 7.79266e-07 5.36358
757 0.363945 0 59 55 48 0 0 0.322108 0.610462 7.62932e-07 4.45123
758 0.370582 0 62 53 50 0 0 0.342866 0.760673 2.3677e-05 3.55352
759 0.377496 0 62 48 62 0 0 0.382656 0.7568 3.10954e-05 3.66534
760 0.386069 0 59 45 74 0 0 0.341107 0.587979 3.29945e-05 3.42835
761 0.396302 0 58 47 80 0 0 0.31288 0.512616 0.00639877 1.71097
762 0.407364 0 57 46 88 0 0 0.304606 0.490424 0.00649528 1.73653
763 0.419532 0 60 40 102 0 0 0.46306 0.63763 0.0120412 3.70802
764 0.433636 0 55 48 102 0 0 0.557761 0.870572 0.0117771 6.19583
765 0.447741 0 63 44 104 0 0 0.687833 0.911223 0.0117938 4.90007
766 0.462121 0 67 40 110 0 0 0.653146 0.743558 0.0116828 4.23311
767 0.477332 0 65 47 106 0 0 0.703547 0.787172 0.00826815 3.69318
768 0.491989 0 79 45 96 0 0 0.804031 0.859116 0.0127659 3.67085
769 0.505264 0 88 45 90 0 0 0.853575 0.948338 0.0121451 4.59928
770 0.517709 0 99 39 94 0 0 1.07506 1.14038 0.0010574 5.34695
771 0.530707 0 107 38 92 0 0 1.15109 1.15189 0.0140257 4.20386
772 0.543428 0 118 44 80 0 0 1.38217 1.50061 0.0155795 6.65573
773 0.55449 0 122 35 96 0 0 1.64282 1.65847 0.0033008 6.80372
774 0.567765 0 127 40 88 0 0 1.66298 1.68919 0.00352598 8.24617
775 0.579933 0 136 41 80 0 0 1.6633 1.66938 0.00845153 8.21841
776 0.590996 0 132 39 94 0 0 2.07349 2.18033 0.00306112 12.5426
777 0.603994 0 128 47 90 0 0 2.11305 2.35976 0.00174849 13.9682
778 0.616439 0 132 46 90 0 0 2.341 2.60213 0.00127127 14.9012
779 0.628883 0 143 50 78 0 0 2.87121 2.95835 0.00548772 16.564
780 0.639669 0 151 48 76 0 0 2.89423 2.88151 0.0412639 16.674
781 0.650178 0 157 41 88 0 0 3.15166 3.07827 0.00397071 16.9618
782 0.662346 0 174 44 70 0 0 3.54283 3.16448 0.0507362 14.8555
783 0.672026 0 171 44 80 0 0 3.87038 3.20574 0.0397361 18.8771
784 0.683088 0 168 48 82 0 0 3.94981 2.97183 0.017951 15.1046
785 0.694427 0 182 44 78 0 0 4.19193 2.99503 0.0117255 12.3677
786 0.705212 0 177 41 94 0 0 4.08318 2.84526 0.00952994 12.1818
787 0.71821 0 177 45 92 0 0 4.34095 2.94726 0.0122605 12.2001
788 0.730932 0 179 42 100 0 0 4.63375 3.1316 0.0195912 13.0247
789 0.74476 0 183 44 96 0 0 4.69666 3.07332 0.0281859 14.0288
790 0.755545 0.00248898 200 44 82 1 0 5.39024 3.34965 0.0450654 17.1247
791 0.766884 0.00248898 200 43 88 1 0 5.7248 3.50454 0.0170129 17.949
792 0.779052 0.00248898 214 36 88 1 0 6.7679 4.44929 0.0263664 26.789
793 0.791221 0.00248898 217 32 96 1 0 7.44213 4.07259 0.279285 17.9836
794 0.802006 0.00497797 225 33 88 2 0 8.29555 4.72289 0.285105 22.4479
795 0.814175 0.00497797 238 31 82 2 0 9.4881 5.43966 0.294392 27.0915
796 0.825513 0.00497797 242 25 90 2 0 10.3726 5.57447 0.531375 26.5819
797 0.837958 0.00497797 251 22 84 2 1 4.59127 2.31675 0.106371 13.8625
798 0.849573 0.00497797 250 23 88 2 1 6.08463 2.96132 0.210801 17.995
799 0.861742 0.00497797 254 23 88 2 1 8.44786 4.38019 0.142084 22.7615
800 0.87391 0.00248898 262 21 86 1 1 9.92021 4.82794 0.211733 29.8917
