1.9500407202366846e-01 1.1721153666278479e+01 
1.9500407202366846e-01 1.1721153666278479e+01 
1.9489732759896586e-01 1.1787985428820440e+01 
1.9489732759896586e-01 1.1787985428820440e+01 
1.9461420067191013e-01 1.1748392411570331e+01 
1.9537450718731592e-01 1.0863118956734388e+01 
1.9127182493867312e-01 8.9746951021766321e+00 
1.9127182493867312e-01 8.9746951021766321e+00 
1.9166562568808718e-01 8.8612694006403370e+00 
1.9538022996457274e-01 1.1120134151886202e+01 
1.9501880207158689e-01 1.1248666273784067e+01 
1.9501880207158689e-01 1.1248666273784067e+01 
1.9599504328902104e-01 7.7142886428758528e+00 
1.9599504328902104e-01 7.7142886428758528e+00 
1.9613135626701653e-01 7.6460614034318679e+00 
1.9592471692435862e-01 7.7587920010980049e+00 
1.9609480164842560e-01 7.6954580393341239e+00 
1.9609480164842560e-01 7.6954580393341239e+00 
1.9542641306347203e-01 7.5230164628061837e+00 
1.9537493621982657e-01 7.5785415712967028e+00 
1.9575117387404720e-01 7.5370554643521288e+00 
1.9555619829332271e-01 7.5957113063399717e+00 
1.9529648387500806e-01 7.5398220978797106e+00 
1.9536735003988820e-01 7.4948019886631805e+00 
1.9522399038726779e-01 7.4872650272838124e+00 
1.9549036298310576e-01 7.4107054661603735e+00 
1.9433779392993170e-01 7.6222967296801061e+00 
1.9433779392993170e-01 7.6222967296801061e+00 
1.9500121145308627e-01 7.5808286729491066e+00 
1.9562622177952421e-01 7.6797018850075300e+00 
1.9613205082553908e-01 7.5564466313856240e+00 
1.9594871575887468e-01 7.6232652786655093e+00 
1.9594871575887468e-01 7.6232652786655093e+00 
1.9626655470797372e-01 9.6300489960643691e+00 
1.9626655470797372e-01 9.6300489960643691e+00 
1.9597479980200086e-01 9.7828207798184863e+00 
1.9635075276182429e-01 9.5470044156309832e+00 
1.9635075276182429e-01 9.5470044156309832e+00 
1.9635075276182429e-01 9.5470044156309832e+00 
1.9473138854282557e-01 7.7948088954584547e+00 
1.9557454981976088e-01 7.7581704989074822e+00 
1.9574317927241372e-01 7.7370925336743097e+00 
1.9505258509414136e-01 7.7701238206001220e+00 
1.9505258509414136e-01 7.7701238206001220e+00 
1.9502505362824918e-01 7.8865533133346588e+00 
1.9502505362824918e-01 7.8865533133346588e+00 
1.9526419565828720e-01 7.9194930633830314e+00 
1.9457295909705993e-01 7.8617905996384616e+00 
1.9476376622592637e-01 7.7082787970679698e+00 
1.9552510088763969e-01 7.4310938787736314e+00 
1.9478084495446923e-01 7.5066240560439361e+00 
1.9478084495446923e-01 7.5066240560439361e+00 
1.9456399841494681e-01 7.4404045962629199e+00 
1.9456399841494681e-01 7.4404045962629199e+00 
1.9592470192653094e-01 7.6181255048852430e+00 
1.9592470192653094e-01 7.6181255048852430e+00 
1.9592470192653094e-01 7.6181255048852430e+00 
1.9525770125421146e-01 7.4910114720197125e+00 
1.9491887163660801e-01 7.6555599326593589e+00 
1.9570454922137540e-01 7.7032489599893292e+00 
1.9587252059363316e-01 7.7302869262846468e+00 
1.9604571579451119e-01 7.7021099536663105e+00 
1.9604571579451119e-01 7.7021099536663105e+00 
1.9643784984346566e-01 7.6780452719926311e+00 
1.9497035474483987e-01 7.6562057900626366e+00 
1.9615153226724658e-01 7.7631621893860778e+00 
1.9615153226724658e-01 7.7631621893860778e+00 
1.9516715560703654e-01 7.6484558894667778e+00 
1.9516715560703654e-01 7.6484558894667778e+00 
1.9579720855593524e-01 7.6462068321950243e+00 
1.9475058492490616e-01 7.6751650535928748e+00 
1.9600059588554558e-01 7.7302390926841396e+00 
1.9600059588554558e-01 7.7302390926841396e+00 
1.9590028640512810e-01 7.6173437766437386e+00 
1.9503574468044219e-01 7.7879424070259633e+00 
1.9540678113810223e-01 7.8577944037127807e+00 
1.9509679111506839e-01 7.8397190432483272e+00 
1.9520242597066706e-01 7.8721443097486112e+00 
1.9575071107250350e-01 7.8019116912665005e+00 
1.9603254995561797e-01 7.8880251642840005e+00 
1.9603254995561797e-01 7.8880251642840005e+00 
1.9600059588554558e-01 7.7302390926841396e+00 
1.9548805899334470e-01 7.7556824731820928e+00 
1.9577564985628740e-01 7.8681572293237831e+00 
1.9595201440773907e-01 8.0347990360435180e+00 
1.9621518909585817e-01 7.6396354489657430e+00 
1.9621518909585817e-01 7.6396354489657430e+00 
1.9621518909585817e-01 7.6396354489657430e+00 
1.9607200206945077e-01 7.7173983023921027e+00 
1.9607200206945077e-01 7.7173983023921027e+00 
1.9607200206945077e-01 7.7173983023921027e+00 
1.9607200206945077e-01 7.7173983023921027e+00 
1.9607200206945077e-01 7.7173983023921027e+00 
1.9607200206945077e-01 7.7173983023921027e+00 
1.9607200206945077e-01 7.7173983023921027e+00 
1.9607200206945077e-01 7.7173983023921027e+00 
1.9607200206945077e-01 7.7173983023921027e+00 
1.9627342767367065e-01 7.7375447395527130e+00 
1.9627342767367065e-01 7.7375447395527130e+00 
1.9615322112923225e-01 7.5805849941688299e+00 
1.9562845788585634e-01 7.6957517589533442e+00 
1.9557927841757797e-01 7.6133023640846949e+00 
1.9620800547043574e-01 7.6907975008899081e+00 
1.9598396471940657e-01 7.7324498463917326e+00 
1.9537568177588424e-01 7.7765441073049146e+00 
1.9527505530206357e-01 7.7396685879731351e+00 
1.9511991904937981e-01 7.6547866835073171e+00 
1.9628423349832561e-01 7.4228824106002795e+00 
1.9628423349832561e-01 7.4228824106002795e+00 
1.9628423349832561e-01 7.4228824106002795e+00 
1.9600834478631904e-01 7.4078689889807228e+00 
1.9601306444635477e-01 7.4471179688287057e+00 
1.9602656780037561e-01 7.4412283805965815e+00 
1.9602656780037561e-01 7.4412283805965815e+00 
1.9604020906430031e-01 7.4002295780586582e+00 
1.9604020906430031e-01 7.4002295780586582e+00 
1.9644316081919178e-01 7.3874077221116963e+00 
1.9623671721157862e-01 7.4850929888179625e+00 
1.9623671721157862e-01 7.4850929888179625e+00 
1.9628793142728529e-01 7.4554226705301057e+00 
1.9628793142728529e-01 7.4554226705301057e+00 
1.9628793142728529e-01 7.4554226705301057e+00 
1.9623351435632871e-01 7.5547083090726197e+00 
1.9620693575002385e-01 7.4948718393747784e+00 
1.9611259863240879e-01 7.4767426054183943e+00 
1.9570191799451730e-01 7.3559761614764891e+00 
1.9494280538013525e-01 8.2616621709565230e+00 
1.9476380665622503e-01 8.3381841347056067e+00 
1.9531682855419397e-01 8.3178264636751713e+00 
1.9520504985305742e-01 8.3963968915483900e+00 
1.9490054691527953e-01 8.3027108895413448e+00 
1.9524112786966955e-01 8.3744463063527466e+00 
1.9508164445765633e-01 8.4032547729128559e+00 
1.9629694295702854e-01 7.5641283676737716e+00 
1.9629694295702854e-01 7.5641283676737716e+00 
1.9629694295702854e-01 7.5641283676737716e+00 
1.9563546590147776e-01 7.8860823364998494e+00 
1.9530815720069380e-01 7.9033679186648733e+00 
1.9517965853724775e-01 7.7766759229435625e+00 
1.9518199594454386e-01 7.8367121462880496e+00 
1.9543614603983792e-01 7.8079912090699466e+00 
1.9470004639334040e-01 7.8778105745234850e+00 
1.9437725604718187e-01 7.9266880187428175e+00 
1.9499712539383041e-01 7.9160146974947656e+00 
1.9536105211283902e-01 7.8718732334347878e+00 
1.9515818211390068e-01 7.7721365173718491e+00 
1.9612232579232730e-01 7.5495269076050056e+00 
1.9588016259214150e-01 7.4079283807422813e+00 
1.9597121656100522e-01 7.3409734507483542e+00 
1.9597121656100522e-01 7.3409734507483542e+00 
1.9597121656100522e-01 7.3409734507483542e+00 
1.9474086315362812e-01 7.6859037397519767e+00 
1.9490473413983156e-01 7.7297112216613533e+00 
1.9539427079057134e-01 7.7016342439583712e+00 
1.9489236597195730e-01 7.7327084946718783e+00 
1.9552589228625139e-01 7.7354058101192997e+00 
1.9555749020594812e-01 7.7029201395746494e+00 
1.9630292910815308e-01 7.5788558393284911e+00 
1.9610302918318759e-01 7.6139911042081998e+00 
1.9630564989186372e-01 7.6137628455072743e+00 
1.9630564989186372e-01 7.6137628455072743e+00 
1.9630564989186372e-01 7.6137628455072743e+00 
1.9594870155104652e-01 7.6822461324250186e+00 
1.9594870155104652e-01 7.6822461324250186e+00 
1.9612232579232730e-01 7.5495269076050056e+00 
1.9612232579232730e-01 7.5495269076050056e+00 
1.9612232579232730e-01 7.5495269076050056e+00 
1.9612232579232730e-01 7.5495269076050056e+00 
1.9589191495211619e-01 7.5588714132006176e+00 
1.9626334886286123e-01 7.7330951667468915e+00 
1.9612232579232730e-01 7.5495269076050056e+00 
1.9612232579232730e-01 7.5495269076050056e+00 
1.9612232579232730e-01 7.5495269076050056e+00 
1.9624742161351202e-01 7.4845029442320943e+00 
1.9613931217361782e-01 7.4971950056593446e+00 
1.9613931217361782e-01 7.4971950056593446e+00 
1.9613931217361782e-01 7.4971950056593446e+00 
1.9589258987397942e-01 7.5439161555920604e+00 
1.9604568461892061e-01 7.4760305904525017e+00 
1.9604568461892061e-01 7.4760305904525017e+00 
1.9500611559072634e-01 7.5420959506680916e+00 
1.9628716092164161e-01 7.5647018353774307e+00 
1.9603007226223551e-01 7.6102611931822253e+00 
1.9602209302772561e-01 7.5843180145301989e+00 
1.9602209302772561e-01 7.5843180145301989e+00 
1.9645074162431223e-01 7.5938498758048674e+00 
1.9625612026821232e-01 7.5230842037336823e+00 
1.9625612026821232e-01 7.5230842037336823e+00 
1.9619186144844317e-01 7.5397521772730594e+00 
1.9624082684257294e-01 7.6119869132566826e+00 
1.9550506655334962e-01 7.5439459390994594e+00 
1.9526892163437956e-01 7.5954405501759030e+00 
1.9583404435120702e-01 7.6156276831668066e+00 
1.9601589427558117e-01 7.6133111419138295e+00 
1.9601589427558117e-01 7.6133111419138295e+00 
1.9610534792631029e-01 7.6586061297405168e+00 
1.9511924136086492e-01 7.6057123442665047e+00 
1.9511924136086492e-01 7.6057123442665047e+00 
1.9514348839235954e-01 7.8702285177664031e+00 
1.9553705774127203e-01 7.9448855801447378e+00 
1.9479892531301907e-01 7.8697852243432864e+00 
1.9469992231142463e-01 7.9087748574096430e+00 
1.9469992231142463e-01 7.9087748574096430e+00 
1.9482016456615878e-01 7.7895029140804377e+00 
1.9522265119815527e-01 7.7854318446188628e+00 
1.9511307587010840e-01 7.7331473064903449e+00 
1.9513256933942372e-01 7.9253777299798580e+00 
1.9489477700746780e-01 7.9017326771344889e+00 
1.9485456705790136e-01 7.8971544795499131e+00 
1.9551420589586829e-01 7.8047358506785525e+00 
1.9504888531101333e-01 7.8279479847451539e+00 
1.9623742706663624e-01 7.7595103220057968e+00 
1.9623742706663624e-01 7.7595103220057968e+00 
1.9611007072597442e-01 7.8025759201031510e+00 
1.9604530306499868e-01 7.7878883226285129e+00 
1.9604530306499868e-01 7.7878883226285129e+00 
1.9626499926985366e-01 7.8398136469183912e+00 
1.9626499926985366e-01 7.8398136469183912e+00 
1.9626499926985366e-01 7.8398136469183912e+00 
1.9527648249730065e-01 6.8906345246273206e+00 
1.9443880923025306e-01 6.8383640401578232e+00 
1.9440748741063582e-01 6.7898715456627317e+00 
1.9514922852648717e-01 6.6793181221746192e+00 
1.9566174968089295e-01 8.5671199306529981e+00 
1.9615430456820970e-01 8.5825116589949033e+00 
1.9615430456820970e-01 8.5825116589949033e+00 
1.9600457535259047e-01 8.5890462381178114e+00 
1.9600457535259047e-01 8.5890462381178114e+00 
1.9620126836083207e-01 8.6102633467356551e+00 
1.9601766508499058e-01 7.7604253104446332e+00 
1.9590795070544295e-01 7.7093542056768412e+00 
1.9590795070544295e-01 7.7093542056768412e+00 
1.9590795070544295e-01 7.7093542056768412e+00 
1.9590795070544295e-01 7.7093542056768412e+00 
1.9517708860761049e-01 7.6522985762877527e+00 
1.9458515171158614e-01 7.6841030926215801e+00 
1.9461460326059946e-01 7.7858622358806651e+00 
1.9517226725194514e-01 7.6161289820833531e+00 
1.9479852381674417e-01 7.5207637322111793e+00 
1.9479852381674417e-01 7.5207637322111793e+00 
1.9477891699288111e-01 7.5141437606836625e+00 
1.9484354280731436e-01 7.5506164443721087e+00 
1.9549518806120275e-01 7.5553650711728384e+00 
1.9569986326328334e-01 7.4506674433586877e+00 
1.9492023548951223e-01 7.4647549431299165e+00 
1.9631399801802213e-01 7.6773560698209264e+00 
1.9559564696129569e-01 7.7303908951003821e+00 
1.9520925890760496e-01 7.8300388356064365e+00 
1.9485027170812091e-01 7.8003771726133690e+00 
1.9573227098395510e-01 7.6421877075754390e+00 
1.9573227098395510e-01 7.6421877075754390e+00 
1.9604980219495244e-01 7.8071958001253021e+00 
1.9604980219495244e-01 7.8071958001253021e+00 
1.9604980219495244e-01 7.8071958001253021e+00 
1.9603694599790530e-01 7.7333753373510179e+00 
1.9603694599790530e-01 7.7333753373510179e+00 
1.9598993518204891e-01 7.7245924387072655e+00 
1.9598993518204891e-01 7.7245924387072655e+00 
1.9598993518204891e-01 7.7245924387072655e+00 
1.9598993518204891e-01 7.7245924387072655e+00 
1.9598993518204891e-01 7.7245924387072655e+00 
1.9598993518204891e-01 7.7245924387072655e+00 
1.9541540192750065e-01 7.6899834494196089e+00 
1.9547189032357629e-01 7.6624592530812112e+00 
1.9607835146471650e-01 7.6467673767910158e+00 
1.9630774753447769e-01 7.7254590264078660e+00 
1.9630774753447769e-01 7.7254590264078660e+00 
1.9630774753447769e-01 7.7254590264078660e+00 
1.9631479238122035e-01 7.5781549130054877e+00 
1.9608506270782991e-01 7.5241944528766460e+00 
1.9551671762728193e-01 8.0669884205148943e+00 
1.9567010969219842e-01 8.1930191397996435e+00 
1.9559187131489797e-01 8.3024460338052961e+00 
1.9481799879410233e-01 8.2749791715772325e+00 
1.9566070890069673e-01 8.2839513465353658e+00 
1.9538079568548067e-01 8.2076501668220878e+00 
1.9513748215744955e-01 8.1597396792560364e+00 
1.9623378268327507e-01 6.0632783575320968e+00 
1.9603348027707718e-01 6.0540018801094799e+00 
1.9603348027707718e-01 6.0540018801094799e+00 
1.9619442916201996e-01 6.1349672732849934e+00 
1.9588536988853869e-01 6.2445823891098735e+00 
1.9525110226585052e-01 6.3467337243980024e+00 
1.9607536388731767e-01 6.0059360560499249e+00 
1.9595725521881907e-01 6.1159582893644346e+00 
1.9610065930718334e-01 6.2225610478597453e+00 
1.9610065930718334e-01 6.2225610478597453e+00 
1.9607463755681634e-01 6.2716286292091725e+00 
1.9594208790137727e-01 5.9758533973823411e+00 
1.9594208790137727e-01 5.9758533973823411e+00 
1.9594208790137727e-01 5.9758533973823411e+00 
1.9594208790137727e-01 5.9758533973823411e+00 
1.9594208790137727e-01 5.9758533973823411e+00 
1.9616264531093675e-01 5.9138047219804486e+00 
1.9616264531093675e-01 5.9138047219804486e+00 
1.9594208790137727e-01 5.9758533973823411e+00 
1.9599029080840125e-01 5.9835514505670453e+00 
1.9599029080840125e-01 5.9835514505670453e+00 
1.9599029080840125e-01 5.9835514505670453e+00 
1.9585366806436025e-01 6.6102428248054252e+00 
1.9639688904352903e-01 6.6445004985803156e+00 
1.9458259742080700e-01 6.6294512250983564e+00 
1.9458259742080700e-01 6.6294512250983564e+00 
1.9458259742080700e-01 6.6294512250983564e+00 
1.9462922134259475e-01 6.5955690107030112e+00 
1.9546461092637266e-01 6.6146995373240891e+00 
1.9546461092637266e-01 6.6146995373240891e+00 
1.9555484232871120e-01 6.6241339566109918e+00 
1.9570029195750388e-01 6.5980783593960055e+00 
1.9570029195750388e-01 6.5980783593960055e+00 
1.9444906974143797e-01 7.3890717118378699e+00 
1.9444906974143797e-01 7.3890717118378699e+00 
1.9453925649997636e-01 7.3533888715498996e+00 
1.9444037474703010e-01 7.1204741201765698e+00 
1.9444037474703010e-01 7.1204741201765698e+00 
1.9513854432350472e-01 6.6793540209098925e+00 
1.9578557670377017e-01 6.6353099667780011e+00 
1.9536222309320381e-01 6.4421743827642430e+00 
1.9536222309320381e-01 6.4421743827642430e+00 
1.7960528303722925e-01 1.0060082135782102e+01 
1.7960528303722925e-01 1.0060082135782102e+01 
1.7960528303722925e-01 1.0060082135782102e+01 
1.9389591849466351e-01 8.4808295652883618e+00 
1.9342086965358693e-01 8.4610918477358297e+00 
1.9392280298626491e-01 8.5018837019093283e+00 
1.9348470613265781e-01 8.5643644456576631e+00 
1.9362679604891281e-01 8.5415373804084425e+00 
1.9448868211116510e-01 8.7121583658751778e+00 
1.9448868211116510e-01 8.7121583658751778e+00 
1.9458711116600388e-01 8.6582517948903224e+00 
1.9433689716342165e-01 8.6760174428525332e+00 
1.9596458953593984e-01 9.2912234692889957e+00 
1.9623856394517963e-01 9.2745947539229618e+00 
1.9623856394517963e-01 9.2745947539229618e+00 
1.9601417372745120e-01 9.2202168812213134e+00 
1.9456719811073581e-01 8.6222957400364884e+00 
1.9601042330422178e-01 7.7942690418940659e+00 
1.9601042330422178e-01 7.7942690418940659e+00 
1.9601575606700716e-01 7.6946328532433634e+00 
1.9601575606700716e-01 7.6946328532433634e+00 
1.9601575606700716e-01 7.6946328532433634e+00 
1.9623089628664495e-01 7.6281650058963804e+00 
1.9595801719071557e-01 8.2300708278395174e+00 
1.9604978312000601e-01 8.2435177221065601e+00 
1.9600394198148569e-01 8.1310676341087369e+00 
1.9600394198148569e-01 8.1310676341087369e+00 
1.9600394198148569e-01 8.1310676341087369e+00 
1.9627081059979312e-01 8.1043757886111809e+00 
1.9604962284540386e-01 8.0334527617706222e+00 
1.9530364676670731e-01 8.0618411248660209e+00 
1.9610227292444657e-01 8.3769760816592402e+00 
1.9610227292444657e-01 8.3769760816592402e+00 
1.9610227292444657e-01 8.3769760816592402e+00 
1.9618918183727302e-01 8.4434325222210056e+00 
1.9541865869766203e-01 8.1347078665479469e+00 
1.9628570007163773e-01 8.2366734667137500e+00 
1.9628570007163773e-01 8.2366734667137500e+00 
1.9628570007163773e-01 8.2366734667137500e+00 
1.9592882879556109e-01 8.4131224553295283e+00 
1.9544826101884491e-01 8.4676044145577958e+00 
1.9530255472303193e-01 8.1076886256280680e+00 
1.9482777357968106e-01 8.0435613649708149e+00 
1.9453303172730169e-01 8.1220449168998705e+00 
1.9453303172730169e-01 8.1220449168998705e+00 
1.9431380197286524e-01 8.0881831815885743e+00 
1.9484992765891856e-01 8.1035116172810859e+00 
1.9430696081709853e-01 8.1034119405486162e+00 
1.9450086396229258e-01 8.1842798977518658e+00 
1.9448959533880222e-01 8.1806444798975768e+00 
1.9448959533880222e-01 8.1806444798975768e+00 
1.9448959533880222e-01 8.1806444798975768e+00 
1.9433119752083355e-01 8.3051537619668867e+00 
1.9437170480039179e-01 8.2962277499402486e+00 
1.9437170480039179e-01 8.2962277499402486e+00 
1.9463643555901572e-01 8.2863455498217125e+00 
1.9478222259834030e-01 8.3952957903996790e+00 
1.9506761353485394e-01 8.3398886385229449e+00 
1.9570548112850439e-01 8.4452223699675173e+00 
1.9566621815814061e-01 8.4330575997774506e+00 
1.9628262503944127e-01 8.2270126127766705e+00 
1.9628262503944127e-01 8.2270126127766705e+00 
1.9623262085454976e-01 8.1656008183725817e+00 
1.9628262503944127e-01 8.2270126127766705e+00 
1.9628262503944127e-01 8.2270126127766705e+00 
1.9558281914602882e-01 8.4722823612462150e+00 
1.9553155557611276e-01 8.5181358137381409e+00 
1.9502161240502278e-01 8.5260315653067593e+00 
1.9502733542862979e-01 8.5004702593077486e+00 
1.9612975772969257e-01 7.7054451399990045e+00 
1.9612975772969257e-01 7.7054451399990045e+00 
1.9613578655068190e-01 7.7346143046321938e+00 
1.9646312371741531e-01 7.6226042762283610e+00 
1.9603160458342531e-01 7.8399550650709786e+00 
1.9603160458342531e-01 7.8399550650709786e+00 
1.9516809276099306e-01 7.8298089058344953e+00 
1.9499364601605421e-01 7.8552422863040228e+00 
1.9558502322684204e-01 7.8218972531987978e+00 
1.9638336871647855e-01 7.7035850844572895e+00 
1.9638424540497934e-01 7.6108403562461131e+00 
1.9539394227209309e-01 7.9491696906935756e+00 
1.9556207791985145e-01 7.9429487526449103e+00 
1.9480914626458151e-01 7.9150355903897367e+00 
1.9480914626458151e-01 7.9150355903897367e+00 
1.9438673177447019e-01 7.9354528939078852e+00 
1.9547255716575257e-01 7.7734176670169326e+00 
1.9578707117581046e-01 7.7807465805921421e+00 
1.9551863231369079e-01 7.7688958748909576e+00 
1.9508619663776744e-01 7.9709021774825235e+00 
1.9541269144505796e-01 8.1156399520654574e+00 
1.9515860170700614e-01 8.0269020480313173e+00 
1.9515535958155969e-01 7.8926730363323720e+00 
1.9548644394481582e-01 7.8279577842877472e+00 
1.9512369962230200e-01 7.9454334818316426e+00 
1.9612104014032644e-01 7.7216352939362025e+00 
1.9612104014032644e-01 7.7216352939362025e+00 
1.9612104014032644e-01 7.7216352939362025e+00 
1.9612104014032644e-01 7.7216352939362025e+00 
1.9612104014032644e-01 7.7216352939362025e+00 
1.9612104014032644e-01 7.7216352939362025e+00 
1.9628790908412869e-01 7.8007769187981948e+00 
1.9628790908412869e-01 7.8007769187981948e+00 
1.9628790908412869e-01 7.8007769187981948e+00 
1.9628790908412869e-01 7.8007769187981948e+00 
1.9590027303125060e-01 7.6503034338389231e+00 
1.9608462887730063e-01 7.7998291539035050e+00 
1.9608462887730063e-01 7.7998291539035050e+00 
1.9610233033623839e-01 7.7010365008044923e+00 
1.9620662255589108e-01 7.6686018342225513e+00 
1.9620662255589108e-01 7.6686018342225513e+00 
1.9608462887730063e-01 7.7998291539035050e+00 
1.9608462887730063e-01 7.7998291539035050e+00 
1.9590230283155999e-01 7.8159486443754727e+00 
1.9590230283155999e-01 7.8159486443754727e+00 
1.9598330134439521e-01 7.9070589376303761e+00 
1.9598330134439521e-01 7.9070589376303761e+00 
1.9493741037494658e-01 8.2147798335113169e+00 
1.9497939050658472e-01 8.2802251932859114e+00 
1.9446724044462843e-01 8.3576384565329711e+00 
1.9446724044462843e-01 8.3576384565329711e+00 
1.9457316448570833e-01 8.1796942423927188e+00 
1.9457316448570833e-01 8.1796942423927188e+00 
1.9457316448570833e-01 8.1796942423927188e+00 
1.9593314282894864e-01 8.2678040926297314e+00 
1.9593314282894864e-01 8.2678040926297314e+00 
1.9593314282894864e-01 8.2678040926297314e+00 
1.9473121676775210e-01 8.2800427867759137e+00 
1.9483949745838275e-01 8.2564831776830054e+00 
1.9429860340859600e-01 8.2300164318733042e+00 
1.9429860340859600e-01 8.2300164318733042e+00 
1.9494127659568847e-01 8.1535779499805674e+00 
1.9503164329733327e-01 8.0479403701274101e+00 
1.9518714667394471e-01 7.9887708249259894e+00 
1.9439725627353349e-01 8.5803608394063797e+00 
1.9439725627353349e-01 8.5803608394063797e+00 
1.9452406801701203e-01 8.5754650813112807e+00 
1.9611488228367302e-01 8.4926322243942955e+00 
1.9611488228367302e-01 8.4926322243942955e+00 
1.9517358220774986e-01 8.7963671318493741e+00 
1.9555975689053359e-01 8.7771303453478282e+00 
1.9607474531209429e-01 8.7383454490026278e+00 
1.9607474531209429e-01 8.7383454490026278e+00 
1.9447198646486308e-01 8.3665480410622290e+00 
1.9447198646486308e-01 8.3665480410622290e+00 
1.9509257730051480e-01 8.2946663242572072e+00 
1.9509257730051480e-01 8.2946663242572072e+00 
1.9520755469612394e-01 8.4133127797272351e+00 
1.9470878771020397e-01 8.4518619940644264e+00 
1.9560183865943551e-01 8.2755119660590708e+00 
1.9569405946867927e-01 8.2783688434214930e+00 
1.9526823148112160e-01 8.1856376149221077e+00 
1.9519024125635803e-01 7.0529398300819173e+00 
1.9448412871453286e-01 7.7935971927119549e+00 
1.9512973427587491e-01 7.5664067867809974e+00 
1.9503636460146462e-01 7.4395464862733345e+00 
1.9503636460146462e-01 7.4395464862733345e+00 
1.9388165582160372e-01 7.5234610398152864e+00 
1.9362711989589679e-01 7.5335853199330334e+00 
1.9252002021234657e-01 7.4774400201939812e+00 
1.9162923824389144e-01 7.4582281948340396e+00 
1.9268900081398208e-01 7.4426978913751656e+00 
1.9547863363251569e-01 7.4983832834550750e+00 
1.9524564764864327e-01 7.5066925952400689e+00 
1.9564084681394839e-01 7.5454749184901075e+00 
1.9564084681394839e-01 7.5454749184901075e+00 
1.9610981061759492e-01 7.6132199411093904e+00 
1.9541514357403902e-01 5.8767889454051172e+00 
1.9497791363997849e-01 5.8057362237571084e+00 
1.9544995449732558e-01 5.9652089315072629e+00 
1.9426431943910430e-01 6.6715232734890284e+00 
1.9484426121664869e-01 6.5577310167913172e+00 
1.9513245744198673e-01 6.5212023183667691e+00 
1.9530609019904224e-01 6.5821545896298446e+00 
1.9515157502409655e-01 6.0719309629250757e+00 
1.9515157502409655e-01 6.0719309629250757e+00 
1.9515157502409655e-01 6.0719309629250757e+00 
1.9542606918952621e-01 6.0836852758705229e+00 
1.9604551542659363e-01 6.7035346057123055e+00 
1.9604551542659363e-01 6.7035346057123055e+00 
1.9604551542659363e-01 6.7035346057123055e+00 
1.9604551542659363e-01 6.7035346057123055e+00 
1.9618419477689411e-01 6.6892876493601561e+00 
1.9610445561460899e-01 6.6094894198663816e+00 
1.9566259744715286e-01 6.6662694942313312e+00 
1.9580591360259517e-01 6.5331924664094627e+00 
1.9534328044310434e-01 6.3847328793986557e+00 
1.9515521226940397e-01 6.4639045034389850e+00 
1.9544527048330496e-01 6.4770524189436260e+00 
1.9540284761666452e-01 6.6339858206285358e+00 
1.9620509050288473e-01 6.0159343898631592e+00 
1.9618518284922321e-01 5.9520043841426427e+00 
1.9618518284922321e-01 5.9520043841426427e+00 
1.9611838222924310e-01 6.1083708951008537e+00 
1.9631359050550756e-01 6.1546974309147915e+00 
1.9631359050550756e-01 6.1546974309147915e+00 
1.9631359050550756e-01 6.1546974309147915e+00 
1.9625046578882976e-01 6.5364704534285112e+00 
1.9625284872562529e-01 6.6277475516295468e+00 
1.9604011177179592e-01 6.6217243905421368e+00 
1.9619170162100644e-01 6.6032134628291823e+00 
1.9619170162100644e-01 6.6032134628291823e+00 
1.9603394774837993e-01 6.5246450783228536e+00 
1.9603394774837993e-01 6.5246450783228536e+00 
1.9625046578882976e-01 6.5364704534285112e+00 
1.9593567425426567e-01 6.6262567560657679e+00 
1.9591159441175707e-01 6.6434211358058510e+00 
1.9614227618901203e-01 6.5851947815709124e+00 
1.9566736535926052e-01 6.9515789872382525e+00 
1.9605947760540135e-01 6.9341550281729276e+00 
1.9605947760540135e-01 6.9341550281729276e+00 
1.9605947760540135e-01 6.9341550281729276e+00 
1.9438505014892804e-01 7.7195898833240841e+00 
1.9515227028860671e-01 7.7060694427188299e+00 
1.9520878126605140e-01 7.7521269522380942e+00 
1.9520878126605140e-01 7.7521269522380942e+00 
1.9492669313785185e-01 7.7709823179346342e+00 
1.9472738008469553e-01 7.7132133402863294e+00 
1.9472738008469553e-01 7.7132133402863294e+00 
1.9453380664324610e-01 7.8041428684759673e+00 
1.9470357893858486e-01 7.8776031923399694e+00 
1.9455037821174484e-01 7.9570638979780135e+00 
1.9445879170689470e-01 7.9355947650940584e+00 
1.9455233550669226e-01 7.7180774196579867e+00 
1.9469082271943655e-01 7.6976388252350496e+00 
1.9464992750141974e-01 7.6965900043648858e+00 
1.9458152155230016e-01 7.6868947515348962e+00 
1.9586387163133390e-01 7.8245163253981920e+00 
1.9585966585031928e-01 7.9677407508030900e+00 
1.9476065988893615e-01 8.0303858722019683e+00 
1.9455461880871713e-01 8.0794007177849707e+00 
1.9444596076607965e-01 8.1229221519357946e+00 
1.9508456480513187e-01 8.1001636128239891e+00 
1.9501080372407625e-01 8.0326678722961962e+00 
1.9522185084302177e-01 8.0896063818750505e+00 
1.9579892766195311e-01 8.0358031138873649e+00 
1.9597465532024294e-01 6.5757114787799589e+00 
1.9597465532024294e-01 6.5757114787799589e+00 
1.9597465532024294e-01 6.5757114787799589e+00 
1.9597465532024294e-01 6.5757114787799589e+00 
1.9597465532024294e-01 6.5757114787799589e+00 
1.9597465532024294e-01 6.5757114787799589e+00 
1.9439221131876300e-01 6.6007725814024001e+00 
1.9545903065628092e-01 8.5014586108771475e+00 
1.9524739582534004e-01 8.5130585951226738e+00 
1.9491934677629399e-01 8.5781194311542155e+00 
1.9491934677629399e-01 8.5781194311542155e+00 
1.9487417533680571e-01 8.6020890132358989e+00 
1.9469162893675568e-01 8.4682996051590660e+00 
1.9450735201269015e-01 8.4865819833310461e+00 
1.9606239941596862e-01 9.0034543411420103e+00 
1.9606239941596862e-01 9.0034543411420103e+00 
1.9622305962434802e-01 8.9917040335145675e+00 
1.9622305962434802e-01 8.9917040335145675e+00 
1.9600680495422421e-01 8.9215300160445139e+00 
1.9604880633045230e-01 8.8991147689297030e+00 
1.9604880633045230e-01 8.8991147689297030e+00 
1.9599632505400844e-01 8.9651017874245156e+00 
1.9588732406669040e-01 8.5148539099760754e+00 
1.9616918765471028e-01 8.5050679558009623e+00 
1.9620797449080796e-01 8.5218909440756043e+00 
1.9620797449080796e-01 8.5218909440756043e+00 
1.9620797449080796e-01 8.5218909440756043e+00 
1.9603018650239140e-01 8.5933737138399842e+00 
1.9603018650239140e-01 8.5933737138399842e+00 
1.9609812199570370e-01 8.6341073574336775e+00 
1.9609812199570370e-01 8.6341073574336775e+00 
1.9609812199570370e-01 8.6341073574336775e+00 
1.9616568767542653e-01 8.5936877783742336e+00 
1.9591357458850903e-01 8.5851948351851632e+00 
1.9621590851516005e-01 8.6812557751059884e+00 
1.9621590851516005e-01 8.6812557751059884e+00 
1.9622849969245140e-01 8.5338263716560885e+00 
1.9612634790419331e-01 8.6371615155796650e+00 
1.9612634790419331e-01 8.6371615155796650e+00 
1.9643357743605891e-01 8.5690988812683813e+00 
1.9643357743605891e-01 8.5690988812683813e+00 
1.9627019603389861e-01 8.4755151230551622e+00 
1.9627019603389861e-01 8.4755151230551622e+00 
1.9603749676377860e-01 8.2958524983771262e+00 
1.9588272523889519e-01 8.2254492651267626e+00 
1.9588272523889519e-01 8.2254492651267626e+00 
1.9620797449080796e-01 8.5218909440756043e+00 
1.9620797449080796e-01 8.5218909440756043e+00 
1.9620797449080796e-01 8.5218909440756043e+00 
1.9620797449080796e-01 8.5218909440756043e+00 
1.9620797449080796e-01 8.5218909440756043e+00 
1.9620797449080796e-01 8.5218909440756043e+00 
1.9549851887644121e-01 8.4752784666794341e+00 
1.9595553194782159e-01 8.5974302212611402e+00 
1.9595553194782159e-01 8.5974302212611402e+00 
1.9595553194782159e-01 8.5974302212611402e+00 
1.9595553194782159e-01 8.5974302212611402e+00 
1.9613386202067468e-01 8.6289067272017554e+00 
1.9596709239814258e-01 8.5886272660169674e+00 
1.9596709239814258e-01 8.5886272660169674e+00 
1.9596709239814258e-01 8.5886272660169674e+00 
1.9566226088613423e-01 8.5452200098757043e+00 
1.9560474028872679e-01 8.5541781910507222e+00 
1.9610897737427579e-01 8.5065299402826309e+00 
1.9525336405710031e-01 8.6022928388260897e+00 
1.9491253600436578e-01 8.5086300590453323e+00 
1.9526886855049133e-01 8.4122117061979882e+00 
1.9564915857065551e-01 8.3225087383719192e+00 
1.9601190822482345e-01 8.3039415932418450e+00 
1.9620797449080796e-01 8.5218909440756043e+00 
1.9620797449080796e-01 8.5218909440756043e+00 
1.9620797449080796e-01 8.5218909440756043e+00 
1.9620797449080796e-01 8.5218909440756043e+00 
1.9612558362425619e-01 8.5163089882947460e+00 
1.9612558362425619e-01 8.5163089882947460e+00 
1.9620797449080796e-01 8.5218909440756043e+00 
1.9626605351003829e-01 8.4282364723347900e+00 
1.9545754976091942e-01 8.4067143780573197e+00 
1.9625565684823035e-01 8.4780731618703093e+00 
1.9625565684823035e-01 8.4780731618703093e+00 
1.9630214296295784e-01 8.4509533380838011e+00 
1.9643301059441187e-01 8.3733895539701759e+00 
1.9642201775918558e-01 8.3746912523040002e+00 
1.9642201775918558e-01 8.3746912523040002e+00 
1.9644720037697797e-01 8.4608194665498662e+00 
1.9582199507061682e-01 8.5044160567634055e+00 
1.9642611611656574e-01 8.4173635846921133e+00 
1.9566257740393964e-01 8.3390837546879517e+00 
1.9618676819379216e-01 8.3311462406184376e+00 
1.9562067857087406e-01 8.4362583482523803e+00 
1.9498654615782463e-01 8.3905515142130707e+00 
1.9620797449080796e-01 8.5218909440756043e+00 
1.9620797449080796e-01 8.5218909440756043e+00 
1.9620797449080796e-01 8.5218909440756043e+00 
1.9484832495695364e-01 8.6826759669184614e+00 
1.9477369773621958e-01 8.7598594786184787e+00 
1.9480630226548323e-01 8.7063517657301244e+00 
1.9565619307727833e-01 8.5472286310381786e+00 
1.9565619307727833e-01 8.5472286310381786e+00 
1.9567896100658447e-01 8.6151545784351065e+00 
1.9567896100658447e-01 8.6151545784351065e+00 
1.9562116935152188e-01 8.6232081124005866e+00 
1.9486107256233037e-01 8.5595286730551567e+00 
1.9520822455436745e-01 8.7477073679858446e+00 
1.9521798412415900e-01 8.6974886597425041e+00 
1.9498538626016643e-01 8.7424713128320715e+00 
1.9437633476105790e-01 8.7239083735929253e+00 
1.9521540570960214e-01 8.4350046088313011e+00 
1.9620797449080796e-01 8.5218909440756043e+00 
1.9620797449080796e-01 8.5218909440756043e+00 
1.9620797449080796e-01 8.5218909440756043e+00 
1.9611296649298629e-01 8.5082034836576383e+00 
1.9568516858699878e-01 8.4713091540968364e+00 
1.9566870639022207e-01 8.4729852881807926e+00 
1.9543224605977180e-01 8.5658601542012409e+00 
1.9540011090572529e-01 8.5048980169029491e+00 
1.9532754510931713e-01 8.4202009565417786e+00 
1.9499658928756036e-01 8.5710182292624317e+00 
1.9499658928756036e-01 8.5710182292624317e+00 
1.9518652618168100e-01 8.5874461021334874e+00 
1.9516619839253865e-01 8.5575273852050078e+00 
1.9538101665962793e-01 8.5735120002937677e+00 
1.9491947753564032e-01 8.5300643759094310e+00 
1.9470377107606129e-01 8.4185538722332858e+00 
1.9445946798020880e-01 8.3864060849015196e+00 
1.9620797449080796e-01 8.5218909440756043e+00 
1.9620797449080796e-01 8.5218909440756043e+00 
1.9594940467445657e-01 8.5931222557364926e+00 
1.9545374018594375e-01 8.6644803124658498e+00 
1.9545374018594375e-01 8.6644803124658498e+00 
1.9627642614605012e-01 8.4813459853702753e+00 
1.9627642614605012e-01 8.4813459853702753e+00 
1.9627642614605012e-01 8.4813459853702753e+00 
1.9627642614605012e-01 8.4813459853702753e+00 
1.9584987472133908e-01 8.4105784742438221e+00 
1.9596350796073944e-01 8.4006007932466691e+00 
1.9595333486770986e-01 9.1447373133562202e+00 
1.9631199078046604e-01 9.2049388739172961e+00 
1.9604052899328439e-01 8.3678243619764761e+00 
1.9603958825052759e-01 8.3907171333971018e+00 
1.9603958825052759e-01 8.3907171333971018e+00 
1.9510107922301848e-01 8.3904072152564542e+00 
1.9510107922301848e-01 8.3904072152564542e+00 
1.9580671934589317e-01 8.3505541447935343e+00 
1.9502335582789254e-01 8.2881218579635405e+00 
1.9516702625729954e-01 8.2558941614613897e+00 
1.9507061292507635e-01 8.1909420789175247e+00 
1.9510456585439301e-01 8.2352891946587565e+00 
1.9605608789601356e-01 8.4074780497275423e+00 
1.9570996082221009e-01 8.2940873311279013e+00 
1.9615787117008437e-01 8.2583204343096170e+00 
1.9603836809506547e-01 8.2329911076182025e+00 
1.9604876497873439e-01 8.1647847295166507e+00 
1.9537974456764734e-01 8.1272605950987078e+00 
1.9588578537511170e-01 8.1453329916794139e+00 
1.9563702069000280e-01 8.2729234184204614e+00 
1.9614813264056261e-01 8.2436083290629760e+00 
1.9592707260368608e-01 5.9851521774608001e+00 
1.9592707260368608e-01 5.9851521774608001e+00 
1.9592707260368608e-01 5.9851521774608001e+00 
1.9592707260368608e-01 5.9851521774608001e+00 
1.9591881142588966e-01 5.9443337925215607e+00 
1.9591881142588966e-01 5.9443337925215607e+00 
1.9591881142588966e-01 5.9443337925215607e+00 
1.9591881142588966e-01 5.9443337925215607e+00 
1.9591881142588966e-01 5.9443337925215607e+00 
1.9627621059474029e-01 5.9913528490403918e+00 
1.9627621059474029e-01 5.9913528490403918e+00 
1.9627621059474029e-01 5.9913528490403918e+00 
1.9616037359635935e-01 5.9592364650057634e+00 
1.9616037359635935e-01 5.9592364650057634e+00 
1.9630718856232909e-01 5.8134843137662440e+00 
1.9630718856232909e-01 5.8134843137662440e+00 
1.9623077242573606e-01 5.9436609891719847e+00 
1.9623077242573606e-01 5.9436609891719847e+00 
1.9623077242573606e-01 5.9436609891719847e+00 
1.9598833871552973e-01 5.9294429320228819e+00 
1.9598833871552973e-01 5.9294429320228819e+00 
1.9611151419799749e-01 5.8283338815092156e+00 
1.9612966616512553e-01 5.9035495681886072e+00 
1.9582079159176666e-01 6.1950612753693113e+00 
1.9596803054278694e-01 6.0821622291756920e+00 
1.9617662894834823e-01 6.5307975567968191e+00 
1.9621545807342741e-01 6.6751660936670971e+00 
1.9621545807342741e-01 6.6751660936670971e+00 
1.9621545807342741e-01 6.6751660936670971e+00 
1.9615049571140297e-01 6.2945901371726070e+00 
1.9599652311041441e-01 6.3274870420179763e+00 
1.9630517663920152e-01 6.3370389004559637e+00 
1.9602017930003127e-01 6.3337530341542001e+00 
1.9602017930003127e-01 6.3337530341542001e+00 
1.9622461221741577e-01 6.3009995973640098e+00 
1.9622461221741577e-01 6.3009995973640098e+00 
1.9622461221741577e-01 6.3009995973640098e+00 
1.9614295495291056e-01 6.3272266304991467e+00 
1.9614295495291056e-01 6.3272266304991467e+00 
1.9592244469034148e-01 6.3009785095232429e+00 
1.9634157544774886e-01 6.2683962236686668e+00 
1.9615231155163146e-01 6.3056803058414816e+00 
1.9607441122627303e-01 6.3311410480522579e+00 
1.9616990313338367e-01 6.4118403223355118e+00 
1.9616990313338367e-01 6.4118403223355118e+00 
1.9616990313338367e-01 6.4118403223355118e+00 
1.9616990313338367e-01 6.4118403223355118e+00 
1.9514198572948385e-01 6.4507778442875754e+00 
1.9491710241264304e-01 6.3197186465375959e+00 
1.9483980865165884e-01 6.3503295250130316e+00 
1.9608523789697474e-01 6.4127776973308324e+00 
1.9608523789697474e-01 6.4127776973308324e+00 
1.9608523789697474e-01 6.4127776973308324e+00 
1.9608523789697474e-01 6.4127776973308324e+00 
1.9615395799051086e-01 6.3684014134647366e+00 
1.9570797507945956e-01 6.5337767731028773e+00 
1.9520170014186045e-01 6.6769668545176453e+00 
1.9543058408661929e-01 6.5899320271877491e+00 
1.9553629307129586e-01 6.5981341032849574e+00 
1.9426234845653520e-01 6.6030208487379554e+00 
1.9426234845653520e-01 6.6030208487379554e+00 
1.9495714773910361e-01 6.5047699137754114e+00 
1.9520471445079213e-01 6.4676657691764987e+00 
1.9606979520928092e-01 6.4486039877587285e+00 
1.9606979520928092e-01 6.4486039877587285e+00 
1.9592196235704967e-01 6.4396454520943207e+00 
1.9592196235704967e-01 6.4396454520943207e+00 
1.9630989959970946e-01 6.4527913360567632e+00 
1.9630658220790465e-01 6.5083600213542665e+00 
1.9612558661231319e-01 6.3964485559851898e+00 
1.9612558661231319e-01 6.3964485559851898e+00 
1.9612558661231319e-01 6.3964485559851898e+00 
1.9608830945044792e-01 6.4519409607855511e+00 
1.9589559153598135e-01 7.1314209402476765e+00 
1.9543225007095338e-01 7.2058685555531898e+00 
1.9439058861818584e-01 7.2577868624380137e+00 
1.9556671773129766e-01 7.1649890768262736e+00 
1.9565684344645543e-01 7.1496392279748830e+00 
1.9558781441403270e-01 6.4639600316343904e+00 
1.9558781441403270e-01 6.4639600316343904e+00 
1.9565981548157668e-01 6.4204243356221182e+00 
1.9575104578016284e-01 6.5048378641288318e+00 
1.9546848357728350e-01 6.4768044396428950e+00 
1.9589458268536022e-01 6.5050135391580275e+00 
1.9592831023685436e-01 6.5368891329525924e+00 
1.9608271014795894e-01 6.5671697522761416e+00 
1.9608271014795894e-01 6.5671697522761416e+00 
1.9588968833910339e-01 6.5821865560588559e+00 
1.9446580928728346e-01 8.7672118483635320e+00 
1.9446580928728346e-01 8.7672118483635320e+00 
1.9478761705106121e-01 8.7882490703839728e+00 
1.9536700835813825e-01 8.7573363433477454e+00 
1.9545134672895617e-01 8.7770378649960659e+00 
1.9464779701135401e-01 8.8444518983850777e+00 
1.9464779701135401e-01 8.8444518983850777e+00 
1.9464779701135401e-01 8.8444518983850777e+00 
1.9627386415620959e-01 8.7824903139760711e+00 
1.9627386415620959e-01 8.7824903139760711e+00 
1.9251584585957837e-01 8.8983641077963984e+00 
1.9297743445875759e-01 8.8584474200123857e+00 
1.9289802553533758e-01 8.8947533825788554e+00 
1.9590515194359276e-01 8.7601746539341594e+00 
1.9623890879229169e-01 8.6746033371563200e+00 
1.9621436226482122e-01 8.6089628784165537e+00 
1.9621436226482122e-01 8.6089628784165537e+00 
1.9610399708647422e-01 8.6682360589266860e+00 
1.9610399708647422e-01 8.6682360589266860e+00 
1.9610399708647422e-01 8.6682360589266860e+00 
1.9611243967601069e-01 8.6323661313473377e+00 
1.9617769730889181e-01 8.6145446527331089e+00 
1.9644679191063771e-01 8.7794914984008070e+00 
1.9644679191063771e-01 8.7794914984008070e+00 
1.9576565281867764e-01 8.8839179339371874e+00 
1.9538525177359578e-01 8.7869804902530877e+00 
1.9515285556200820e-01 8.7575853945302597e+00 
1.9539588916691475e-01 8.8375678287297958e+00 
1.9488482887113140e-01 8.8285947944859977e+00 
1.9500492993114360e-01 8.7919729259547044e+00 
1.9543183001186928e-01 8.7253860769281104e+00 
1.9442114022192894e-01 8.7674244895959159e+00 
1.9560907358342475e-01 8.8683043251708771e+00 
1.9601487628191755e-01 8.8324103800999527e+00 
1.9644679191063771e-01 8.7794914984008070e+00 
1.9640500675676192e-01 8.8161798963042699e+00 
1.9640500675676192e-01 8.8161798963042699e+00 
1.9640500675676192e-01 8.8161798963042699e+00 
1.9642487254011579e-01 8.6950363606335568e+00 
1.9622488726970233e-01 8.5540573363537948e+00 
1.9622488726970233e-01 8.5540573363537948e+00 
1.9602308584188521e-01 8.6780519620492527e+00 
1.9600014886602679e-01 8.6776744903351393e+00 
1.9600014886602679e-01 8.6776744903351393e+00 
1.9600014886602679e-01 8.6776744903351393e+00 
1.9611889373342303e-01 8.9097475884913422e+00 
1.9620641883887907e-01 8.8562718261554139e+00 
1.9622096420045101e-01 8.9583928614973054e+00 
1.9622096420045101e-01 8.9583928614973054e+00 
1.9595533685416508e-01 8.9051125650828791e+00 
1.9614436268226279e-01 8.8751035127957820e+00 
1.9619720896691251e-01 8.9479206878340953e+00 
1.9619720896691251e-01 8.9479206878340953e+00 
1.9619720896691251e-01 8.9479206878340953e+00 
1.9619720896691251e-01 8.9479206878340953e+00 
1.9624780869841768e-01 8.9662435721446787e+00 
1.9624780869841768e-01 8.9662435721446787e+00 
1.9624780869841768e-01 8.9662435721446787e+00 
1.9506890923548509e-01 8.9094859448766357e+00 
1.9477356935025281e-01 6.5351183265360699e+00 
1.9555977262223351e-01 6.7447060443745173e+00 
1.9538515959172933e-01 6.7643898319815410e+00 
1.9590037676060099e-01 6.6460683320459832e+00 
1.9590037676060099e-01 6.6460683320459832e+00 
1.9553016016402958e-01 6.7303200439789252e+00 
1.9588029592018680e-01 6.7443784411027474e+00 
1.9606765554425024e-01 6.6291367788202367e+00 
1.9606765554425024e-01 6.6291367788202367e+00 
1.9606765554425024e-01 6.6291367788202367e+00 
1.9606765554425024e-01 6.6291367788202367e+00 
1.9606765554425024e-01 6.6291367788202367e+00 
1.9606765554425024e-01 6.6291367788202367e+00 
1.9606765554425024e-01 6.6291367788202367e+00 
1.9606765554425024e-01 6.6291367788202367e+00 
1.9626637239744976e-01 6.3069671343545632e+00 
1.9626637239744976e-01 6.3069671343545632e+00 
1.9626637239744976e-01 6.3069671343545632e+00 
1.9626637239744976e-01 6.3069671343545632e+00 
1.9631273974392793e-01 6.2837385529225500e+00 
1.9614854368512230e-01 6.3234587377951357e+00 
1.9614854368512230e-01 6.3234587377951357e+00 
1.9592712126085132e-01 6.3256051889441753e+00 
1.9592712126085132e-01 6.3256051889441753e+00 
1.9606705153398984e-01 6.2965418253413930e+00 
1.9606705153398984e-01 6.2965418253413930e+00 
1.9606705153398984e-01 6.2965418253413930e+00 
1.9606705153398984e-01 6.2965418253413930e+00 
1.9615460984699334e-01 6.3005039508256111e+00 
1.9606705153398984e-01 6.2965418253413930e+00 
1.9591516912115331e-01 6.2453791415547570e+00 
1.9591516912115331e-01 6.2453791415547570e+00 
1.9591516912115331e-01 6.2453791415547570e+00 
1.9591516912115331e-01 6.2453791415547570e+00 
1.9619903292779309e-01 6.3468110866153706e+00 
1.9619903292779309e-01 6.3468110866153706e+00 
1.9619903292779309e-01 6.3468110866153706e+00 
1.9619903292779309e-01 6.3468110866153706e+00 
1.9621614758281411e-01 6.3022669265175812e+00 
1.9621614758281411e-01 6.3022669265175812e+00 
1.9621614758281411e-01 6.3022669265175812e+00 
1.9596173924358870e-01 6.4080510540158677e+00 
1.9596173924358870e-01 6.4080510540158677e+00 
1.9629117874881019e-01 6.0395541364905068e+00 
1.9629117874881019e-01 6.0395541364905068e+00 
1.9629117874881019e-01 6.0395541364905068e+00 
1.9627740485968881e-01 6.1054137180748880e+00 
1.9627740485968881e-01 6.1054137180748880e+00 
1.9556949800656692e-01 6.5110005972410780e+00 
1.9546144506175356e-01 6.4696174582359127e+00 
1.9512700483227421e-01 6.7094415033100150e+00 
1.9470614381087034e-01 6.8288228088841150e+00 
1.9517899132830599e-01 6.9059044773731566e+00 
1.9492294046306224e-01 6.8273353071931551e+00 
1.9501328779449206e-01 6.8873279298816836e+00 
1.9549034518905037e-01 6.9372276209856425e+00 
1.9490042685979864e-01 7.0324431212646736e+00 
1.7592666857719971e-01 9.1189122469056798e+00 
1.7579274427025932e-01 9.0754124520328272e+00 
1.7564321937644228e-01 8.9848582782885202e+00 
1.7567360222070030e-01 9.7699170005618026e+00 
1.7572660544010421e-01 9.8078669562966745e+00 
1.7473768483916241e-01 8.5432475985065679e+00 
1.7473768483916241e-01 8.5432475985065679e+00 
1.6874499316026462e-01 7.5954882169627354e+00 
1.6936618763922329e-01 7.5295322160510274e+00 
1.6936618763922329e-01 7.5295322160510274e+00 
1.6933505921985745e-01 7.5012156799976193e+00 
1.6943057711179435e-01 7.6570871110896910e+00 
1.6943057711179435e-01 7.6570871110896910e+00 
1.6929129408306426e-01 8.2296481269992157e+00 
1.6905810176423608e-01 8.2261847675818487e+00 
1.6923729946040358e-01 8.2137005534677385e+00 
1.6989944718088049e-01 8.0794301853648882e+00 
1.6924208520155551e-01 8.0323465042629145e+00 
1.6883456584578158e-01 7.9846267571764189e+00 
1.6847587499502337e-01 8.0150145205220547e+00 
1.6976949863499829e-01 8.0529784487710891e+00 
1.6976949863499829e-01 8.0529784487710891e+00 
1.6828024682415887e-01 8.7633205986470237e+00 
1.6828024682415887e-01 8.7633205986470237e+00 
1.6840969901996802e-01 8.7746173540419257e+00 
1.6867616983811526e-01 8.7381465627738937e+00 
1.6925135218362303e-01 8.1325060628268826e+00 
1.6925135218362303e-01 8.1325060628268826e+00 
1.6895225391862129e-01 8.1116932226431189e+00 
1.6840385345968162e-01 8.0851215626343649e+00 
1.6856212796519970e-01 8.0367528729282309e+00 
1.6881650493038228e-01 7.9988007886719696e+00 
1.6883655652698060e-01 8.0255705754973157e+00 
1.6954015726835400e-01 7.9983758557249409e+00 
1.6954015726835400e-01 7.9983758557249409e+00 
1.6844211482081281e-01 8.1364001289576375e+00 
1.6816897295553757e-01 8.1915219144941620e+00 
1.6816897295553757e-01 8.1915219144941620e+00 
1.6816897295553757e-01 8.1915219144941620e+00 
1.7483087129947955e-01 1.0042364555381182e+01 
1.7550002668288381e-01 1.0097709449297858e+01 
1.6929741425929681e-01 8.1898112108477168e+00 
1.6932716736997913e-01 8.1124686775404236e+00 
1.6932716736997913e-01 8.1124686775404236e+00 
1.6911093067616029e-01 8.1369715155781304e+00 
1.6936537359430306e-01 8.1793456466685726e+00 
1.6971352704384549e-01 8.1044728605193921e+00 
1.6868918944020089e-01 8.5201533608607480e+00 
1.6889094775409191e-01 8.5824067928113017e+00 
1.6963205650256413e-01 8.5248701347284115e+00 
1.6980278587744987e-01 8.5205750304752392e+00 
1.6980278587744987e-01 8.5205750304752392e+00 
1.6945239219370486e-01 8.5358172123993779e+00 
1.6942998447774321e-01 7.2008756992954357e+00 
1.6942998447774321e-01 7.2008756992954357e+00 
1.6845182360992961e-01 7.4207313833574560e+00 
1.6845182360992961e-01 7.4207313833574560e+00 
1.6860798780958455e-01 7.3855167374273947e+00 
1.6872790059823981e-01 7.2889459985323706e+00 
1.6911935559171523e-01 7.2303335656681345e+00 
1.6871917487852955e-01 7.3065802845931049e+00 
1.6809215051391077e-01 7.2815035207488110e+00 
1.6812420827744445e-01 8.3357935546844732e+00 
1.6849127079274973e-01 8.2758805802809814e+00 
1.6821981211167536e-01 8.2829041380189743e+00 
1.6839763625805387e-01 8.3042925779911947e+00 
1.6817475262694215e-01 8.2607370995270468e+00 
1.6839687943689202e-01 8.2917331690560143e+00 
1.6951675018253301e-01 8.2984918830352097e+00 
1.6943307028625246e-01 8.2176918322910240e+00 
1.6967143738718310e-01 8.2830724306281489e+00 
1.6918470061855931e-01 8.2460741726788811e+00 
1.6951093738322767e-01 8.2751502020277243e+00 
1.6954246565431197e-01 8.2836913309886846e+00 
1.6935469029953201e-01 8.2418217790093475e+00 
1.6889302199786757e-01 8.2693208918422219e+00 
1.6849638856085766e-01 8.3438939433641668e+00 
1.9555098734809889e-01 1.0666655272613019e+01 
1.9539448568165430e-01 1.0877755564367334e+01 
1.9547274002795711e-01 1.0855981121922511e+01 
1.9510835011744110e-01 8.5870647092860857e+00 
1.9497703085739254e-01 8.4925360100996645e+00 
1.9574256793932890e-01 8.7196396256250228e+00 
1.9533096969612349e-01 8.7298170923745477e+00 
1.9480593604710811e-01 8.7277455684191274e+00 
